program-change,0000000000000000,0,0,midi,0,1,-1,-1,-1,0
program-change,0000000000000000,0,2,midi,1,2,-1,-1,-1,7
program-change,0000000000000000,0,4,midi,2,3,-1,-1,-1,14
program-change,0000000000000000,0,6,midi,3,4,-1,-1,-1,21
program-change,0000000000000000,0,8,midi,4,5,-1,-1,-1,28
program-change,0000000000000000,0,10,midi,5,6,-1,-1,-1,35
program-change,0000000000000000,0,12,midi,6,7,-1,-1,-1,42
program-change,0000000000000000,0,14,midi,7,8,-1,-1,-1,49
program-change,0000000000000000,0,1,midi,0,9,-1,-1,-1,0
program-change,0000000000000000,0,3,midi,1,10,-1,-1,-1,7
program-change,0000000000000000,0,5,midi,2,11,-1,-1,-1,14
program-change,0000000000000000,0,7,midi,3,12,-1,-1,-1,21
program-change,0000000000000000,0,9,midi,4,13,-1,-1,-1,28
program-change,0000000000000000,0,11,midi,5,14,-1,-1,-1,35
program-change,0000000000000000,0,13,midi,6,15,-1,-1,-1,42
program-change,0000000000000000,0,15,midi,7,16,-1,-1,-1,49
note-on,0000000000000000,0,18,midi,4,5,1,60,89,-1
note-on,0000000000000000,0,22,midi,4,13,3,60,89,-1
note-on,0000000000000000,0,16,synth,4,5,0,60,89,-1
note-on,0000000000000000,0,20,synth,4,13,2,60,89,-1
note-off,3f870a3d70a3d70a,22,19,midi,4,5,1,60,0,-1
note-off,3f870a3d70a3d70a,22,23,midi,4,13,3,60,0,-1
note-off,3f870a3d70a3d70a,22,17,synth,4,5,0,60,0,-1
note-off,3f870a3d70a3d70a,22,21,synth,4,13,2,60,0,-1
note-on,3fb0000000000000,120,26,midi,1,2,5,55,89,-1
note-on,3fb0000000000000,120,34,midi,5,6,9,48,89,-1
note-on,3fb0000000000000,120,30,midi,1,10,7,55,89,-1
note-on,3fb0000000000000,120,38,midi,5,14,11,48,89,-1
note-on,3fb0000000000000,120,24,synth,1,2,4,55,89,-1
note-on,3fb0000000000000,120,32,synth,5,6,8,48,89,-1
note-on,3fb0000000000000,120,28,synth,1,10,6,55,89,-1
note-on,3fb0000000000000,120,36,synth,5,14,10,48,89,-1
note-on,3fc0000000000000,240,42,midi,2,3,13,48,89,-1
note-on,3fc0000000000000,240,46,midi,2,11,15,48,89,-1
note-on,3fc0000000000000,240,40,synth,2,3,12,48,89,-1
note-on,3fc0000000000000,240,44,synth,2,11,14,48,89,-1
note-off,3fc170a3d70a3d71,262,43,midi,2,3,13,48,0,-1
note-off,3fc170a3d70a3d71,262,47,midi,2,11,15,48,0,-1
note-off,3fc170a3d70a3d71,262,41,synth,2,3,12,48,0,-1
note-off,3fc170a3d70a3d71,262,45,synth,2,11,14,48,0,-1
note-on,3fc8000000000000,360,50,midi,3,4,17,53,89,-1
note-on,3fc8000000000000,360,58,midi,7,8,21,50,48,-1
note-on,3fc8000000000000,360,54,midi,3,12,19,53,89,-1
note-on,3fc8000000000000,360,62,midi,7,16,23,50,48,-1
note-on,3fc8000000000000,360,48,synth,3,4,16,53,89,-1
note-on,3fc8000000000000,360,56,synth,7,8,20,50,48,-1
note-on,3fc8000000000000,360,52,synth,3,12,18,53,89,-1
note-on,3fc8000000000000,360,60,synth,7,16,22,50,48,-1
note-on,3fd4000000000000,600,66,midi,2,3,25,53,48,-1
note-on,3fd4000000000000,600,70,midi,2,11,27,53,48,-1
note-on,3fd4000000000000,600,64,synth,2,3,24,53,48,-1
note-on,3fd4000000000000,600,68,synth,2,11,26,53,48,-1
note-on,3fd8000000000000,720,74,midi,4,5,29,62,48,-1
note-on,3fd8000000000000,720,78,midi,4,13,31,62,48,-1
note-on,3fd8000000000000,720,72,synth,4,5,28,62,48,-1
note-on,3fd8000000000000,720,76,synth,4,13,30,62,48,-1
note-off,3fdc000000000000,840,27,midi,1,2,5,55,0,-1
note-off,3fdc000000000000,840,31,midi,1,10,7,55,0,-1
note-off,3fdc000000000000,840,25,synth,1,2,4,55,0,-1
note-off,3fdc000000000000,840,29,synth,1,10,6,55,0,-1
note-off,3fde000000000000,900,75,midi,4,5,29,62,0,-1
note-off,3fde000000000000,900,79,midi,4,13,31,62,0,-1
note-off,3fde000000000000,900,73,synth,4,5,28,62,0,-1
note-off,3fde000000000000,900,77,synth,4,13,30,62,0,-1
note-off,3fdf800000000000,1020,35,midi,5,6,9,48,0,-1
note-off,3fdf800000000000,1020,39,midi,5,14,11,48,0,-1
note-off,3fdf800000000000,1020,33,synth,5,6,8,48,0,-1
note-off,3fdf800000000000,1020,37,synth,5,14,10,48,0,-1
note-on,3fe4000000000000,1200,82,midi,6,7,33,53,69,-1
note-on,3fe4000000000000,1200,86,midi,6,15,35,53,69,-1
note-on,3fe4000000000000,1200,80,synth,6,7,32,53,69,-1
note-on,3fe4000000000000,1200,84,synth,6,15,34,53,69,-1
note-on,3fee000000000000,1800,90,midi,2,3,37,60,89,-1
note-on,3fee000000000000,1800,94,midi,2,11,39,60,89,-1
note-on,3fee000000000000,1800,88,synth,2,3,36,60,89,-1
note-on,3fee000000000000,1800,92,synth,2,11,38,60,89,-1
note-on,3ff1000000000000,2040,98,midi,1,2,41,50,89,-1
note-on,3ff1000000000000,2040,102,midi,1,10,43,50,89,-1
note-on,3ff1000000000000,2040,96,synth,1,2,40,50,89,-1
note-on,3ff1000000000000,2040,100,synth,1,10,42,50,89,-1
note-off,3ff3000000000000,2280,115,midi,2,3,25,53,0,-1
note-off,3ff3000000000000,2280,127,midi,2,3,37,60,0,-1
note-off,3ff3000000000000,2280,121,midi,2,11,27,53,0,-1
note-off,3ff3000000000000,2280,133,midi,2,11,39,60,0,-1
note-off,3ff3000000000000,2280,112,synth,2,3,24,53,0,-1
note-off,3ff3000000000000,2280,124,synth,2,3,36,60,0,-1
note-off,3ff3000000000000,2280,118,synth,2,11,26,53,0,-1
note-off,3ff3000000000000,2280,130,synth,2,11,38,60,0,-1
note-on,3ff3000000000000,2280,106,midi,2,3,45,50,48,-1
note-on,3ff3000000000000,2280,116,midi,2,3,49,53,48,-1
note-on,3ff3000000000000,2280,128,midi,2,3,53,60,48,-1
note-on,3ff3000000000000,2280,110,midi,2,11,47,50,48,-1
note-on,3ff3000000000000,2280,122,midi,2,11,51,53,48,-1
note-on,3ff3000000000000,2280,134,midi,2,11,55,60,48,-1
note-on,3ff3000000000000,2280,104,synth,2,3,44,50,48,-1
note-on,3ff3000000000000,2280,113,synth,2,3,48,53,48,-1
note-on,3ff3000000000000,2280,125,synth,2,3,52,60,48,-1
note-on,3ff3000000000000,2280,108,synth,2,11,46,50,48,-1
note-on,3ff3000000000000,2280,119,synth,2,11,50,53,48,-1
note-on,3ff3000000000000,2280,131,synth,2,11,54,60,48,-1
note-off,3ff4000000000000,2400,83,midi,6,7,33,53,0,-1
note-off,3ff4000000000000,2400,87,midi,6,15,35,53,0,-1
note-off,3ff4000000000000,2400,81,synth,6,7,32,53,0,-1
note-off,3ff4000000000000,2400,85,synth,6,15,34,53,0,-1
note-on,3ff4000000000000,2400,138,midi,4,5,57,72,89,-1
note-on,3ff4000000000000,2400,142,midi,4,13,59,72,89,-1
note-on,3ff4000000000000,2400,136,synth,4,5,56,72,89,-1
note-on,3ff4000000000000,2400,140,synth,4,13,58,72,89,-1
note-off,3ff4800000000000,2760,99,midi,1,2,41,50,0,-1
note-off,3ff4800000000000,2460,107,midi,2,3,45,50,0,-1
note-off,3ff4800000000000,2760,103,midi,1,10,43,50,0,-1
note-off,3ff4800000000000,2460,111,midi,2,11,47,50,0,-1
note-off,3ff4800000000000,2760,97,synth,1,2,40,50,0,-1
note-off,3ff4800000000000,2460,105,synth,2,3,44,50,0,-1
note-off,3ff4800000000000,2760,101,synth,1,10,42,50,0,-1
note-off,3ff4800000000000,2460,109,synth,2,11,46,50,0,-1
note-on,3ff5aaaaaaaaaaab,3000,146,midi,1,2,61,46,110,-1
note-on,3ff5aaaaaaaaaaab,3000,154,midi,5,6,65,58,89,-1
note-on,3ff5aaaaaaaaaaab,3000,150,midi,1,10,63,46,110,-1
note-on,3ff5aaaaaaaaaaab,3000,158,midi,5,14,67,58,89,-1
note-on,3ff5aaaaaaaaaaab,3000,144,synth,1,2,60,46,110,-1
note-on,3ff5aaaaaaaaaaab,3000,152,synth,5,6,64,58,89,-1
note-on,3ff5aaaaaaaaaaab,3000,148,synth,1,10,62,46,110,-1
note-on,3ff5aaaaaaaaaaab,3000,156,synth,5,14,66,58,89,-1
note-off,3ff6400000000000,2670,139,midi,4,5,57,72,0,-1
note-off,3ff6400000000000,2670,143,midi,4,13,59,72,0,-1
note-off,3ff6400000000000,2670,137,synth,4,5,56,72,0,-1
note-off,3ff6400000000000,2670,141,synth,4,13,58,72,0,-1
note-off,3ff692aaaaaaaaab,3090,155,midi,5,6,65,58,0,-1
note-off,3ff692aaaaaaaaab,3090,159,midi,5,14,67,58,0,-1
note-off,3ff692aaaaaaaaab,3090,153,synth,5,6,64,58,0,-1
note-off,3ff692aaaaaaaaab,3090,157,synth,5,14,66,58,0,-1
note-off,3ff7000000000000,2760,51,midi,3,4,17,53,0,-1
note-off,3ff7000000000000,2760,55,midi,3,12,19,53,0,-1
note-off,3ff7000000000000,2760,49,synth,3,4,16,53,0,-1
note-off,3ff7000000000000,2760,53,synth,3,12,18,53,0,-1
note-off,3ff7caaaaaaaaaab,3180,147,midi,1,2,61,46,0,-1
note-off,3ff7caaaaaaaaaab,3180,151,midi,1,10,63,46,0,-1
note-off,3ff7caaaaaaaaaab,3180,145,synth,1,2,60,46,0,-1
note-off,3ff7caaaaaaaaaab,3180,149,synth,1,10,62,46,0,-1
note-off,3ff8000000000000,2880,163,midi,2,3,53,60,0,-1
note-off,3ff8000000000000,2880,169,midi,2,11,55,60,0,-1
note-off,3ff8000000000000,2880,160,synth,2,3,52,60,0,-1
note-off,3ff8000000000000,2880,166,synth,2,11,54,60,0,-1
note-on,3ff8000000000000,2880,164,midi,2,3,69,60,110,-1
note-on,3ff8000000000000,2880,170,midi,2,11,71,60,110,-1
note-on,3ff8000000000000,2880,161,synth,2,3,68,60,110,-1
note-on,3ff8000000000000,2880,167,synth,2,11,70,60,110,-1
note-off,3ff8c00000000000,2970,165,midi,2,3,69,60,0,-1
note-off,3ff8c00000000000,2970,171,midi,2,11,71,60,0,-1
note-off,3ff8c00000000000,2970,162,synth,2,3,68,60,0,-1
note-off,3ff8c00000000000,2970,168,synth,2,11,70,60,0,-1
note-on,3ffa000000000000,3120,174,midi,4,5,73,65,89,-1
note-on,3ffa000000000000,3120,178,midi,4,13,75,65,89,-1
note-on,3ffa000000000000,3120,172,synth,4,5,72,65,89,-1
note-on,3ffa000000000000,3120,176,synth,4,13,74,65,89,-1
note-off,3ffa2e147ae147ae,3142,175,midi,4,5,73,65,0,-1
note-off,3ffa2e147ae147ae,3142,179,midi,4,13,75,65,0,-1
note-off,3ffa2e147ae147ae,3142,173,synth,4,5,72,65,0,-1
note-off,3ffa2e147ae147ae,3142,177,synth,4,13,74,65,0,-1
note-on,3ffa800000000000,3480,182,midi,5,6,77,55,89,-1
note-on,3ffa800000000000,3480,186,midi,5,14,79,55,89,-1
note-on,3ffa800000000000,3480,180,synth,5,6,76,55,89,-1
note-on,3ffa800000000000,3480,184,synth,5,14,78,55,89,-1
note-off,3ffb000000000000,3240,191,midi,2,3,49,53,0,-1
note-off,3ffb000000000000,3240,197,midi,2,11,51,53,0,-1
note-off,3ffb000000000000,3240,188,synth,2,3,48,53,0,-1
note-off,3ffb000000000000,3240,194,synth,2,11,50,53,0,-1
note-on,3ffb000000000000,3240,192,midi,2,3,81,53,89,-1
note-on,3ffb000000000000,3240,198,midi,2,11,83,53,89,-1
note-on,3ffb000000000000,3240,189,synth,2,3,80,53,89,-1
note-on,3ffb000000000000,3240,195,synth,2,11,82,53,89,-1
note-off,3ffc800000000000,3720,203,midi,7,8,21,50,0,-1
note-off,3ffc800000000000,3720,209,midi,7,16,23,50,0,-1
note-off,3ffc800000000000,3720,200,synth,7,8,20,50,0,-1
note-off,3ffc800000000000,3720,206,synth,7,16,22,50,0,-1
note-on,3ffc800000000000,3720,204,midi,7,8,85,50,89,-1
note-on,3ffc800000000000,3720,210,midi,7,16,87,50,89,-1
note-on,3ffc800000000000,3720,201,synth,7,8,84,50,89,-1
note-on,3ffc800000000000,3720,207,synth,7,16,86,50,89,-1
note-off,3ffd000000000000,3480,193,midi,2,3,81,53,0,-1
note-off,3ffd000000000000,3480,199,midi,2,11,83,53,0,-1
note-off,3ffd000000000000,3480,190,synth,2,3,80,53,0,-1
note-off,3ffd000000000000,3480,196,synth,2,11,82,53,0,-1
note-off,3ffeb80000000000,3930,183,midi,5,6,77,55,0,-1
note-off,3ffeb80000000000,3930,187,midi,5,14,79,55,0,-1
note-off,3ffeb80000000000,3930,181,synth,5,6,76,55,0,-1
note-off,3ffeb80000000000,3930,185,synth,5,14,78,55,0,-1
note-on,3fff000000000000,3720,214,midi,2,3,89,58,89,-1
note-on,3fff000000000000,3720,218,midi,2,11,91,58,89,-1
note-on,3fff000000000000,3720,212,synth,2,3,88,58,89,-1
note-on,3fff000000000000,3720,216,synth,2,11,90,58,89,-1
note-off,3fff42aaaaaaaaab,4020,205,midi,7,8,85,50,0,-1
note-off,3fff42aaaaaaaaab,4020,211,midi,7,16,87,50,0,-1
note-off,3fff42aaaaaaaaab,4020,202,synth,7,8,84,50,0,-1
note-off,3fff42aaaaaaaaab,4020,208,synth,7,16,86,50,0,-1
# window 0 drained, 4 pending
note-on,4000000000000000,3840,222,midi,4,5,93,70,110,-1
note-on,4000000000000000,3840,226,midi,4,13,95,70,110,-1
note-on,4000000000000000,3840,220,synth,4,5,92,70,110,-1
note-on,4000000000000000,3840,224,synth,4,13,94,70,110,-1
note-on,4000800000000000,3960,230,midi,1,2,97,53,89,-1
note-on,4000800000000000,3960,238,midi,2,3,101,50,89,-1
note-on,4000800000000000,3960,234,midi,1,10,99,53,89,-1
note-on,4000800000000000,3960,242,midi,2,11,103,50,89,-1
note-on,4000800000000000,3960,228,synth,1,2,96,53,89,-1
note-on,4000800000000000,3960,236,synth,2,3,100,50,89,-1
note-on,4000800000000000,3960,232,synth,1,10,98,53,89,-1
note-on,4000800000000000,3960,240,synth,2,11,102,50,89,-1
note-off,4000c00000000000,4020,223,midi,4,5,93,70,0,-1
note-off,4000c00000000000,4020,227,midi,4,13,95,70,0,-1
note-off,4000c00000000000,4020,221,synth,4,5,92,70,0,-1
note-off,4000c00000000000,4020,225,synth,4,13,94,70,0,-1
note-off,4001640000000000,4230,231,midi,1,2,97,53,0,-1
note-off,4001640000000000,4230,235,midi,1,10,99,53,0,-1
note-off,4001640000000000,4230,229,synth,1,2,96,53,0,-1
note-off,4001640000000000,4230,233,synth,1,10,98,53,0,-1
note-off,4004800000000000,4920,247,midi,2,3,89,58,0,-1
note-off,4004800000000000,4920,253,midi,2,11,91,58,0,-1
note-off,4004800000000000,4920,244,synth,2,3,88,58,0,-1
note-off,4004800000000000,4920,250,synth,2,11,90,58,0,-1
note-on,4004800000000000,4920,248,midi,2,3,105,58,89,-1
note-on,4004800000000000,4920,258,midi,2,3,109,53,89,-1
note-on,4004800000000000,4920,266,midi,2,3,113,60,89,-1
note-on,4004800000000000,4920,254,midi,2,11,107,58,89,-1
note-on,4004800000000000,4920,262,midi,2,11,111,53,89,-1
note-on,4004800000000000,4920,270,midi,2,11,115,60,89,-1
note-on,4004800000000000,4920,245,synth,2,3,104,58,89,-1
note-on,4004800000000000,4920,256,synth,2,3,108,53,89,-1
note-on,4004800000000000,4920,264,synth,2,3,112,60,89,-1
note-on,4004800000000000,4920,251,synth,2,11,106,58,89,-1
note-on,4004800000000000,4920,260,synth,2,11,110,53,89,-1
note-on,4004800000000000,4920,268,synth,2,11,114,60,89,-1
note-on,4005400000000000,5400,274,midi,1,2,117,55,48,-1
note-on,4005400000000000,5400,278,midi,1,10,119,55,48,-1
note-on,4005400000000000,5400,272,synth,1,2,116,55,48,-1
note-on,4005400000000000,5400,276,synth,1,10,118,55,48,-1
note-off,4006000000000000,5280,259,midi,2,3,109,53,0,-1
note-off,4006000000000000,5280,267,midi,2,3,113,60,0,-1
note-off,4006000000000000,5280,263,midi,2,11,111,53,0,-1
note-off,4006000000000000,5280,271,midi,2,11,115,60,0,-1
note-off,4006000000000000,5280,257,synth,2,3,108,53,0,-1
note-off,4006000000000000,5280,265,synth,2,3,112,60,0,-1
note-off,4006000000000000,5280,261,synth,2,11,110,53,0,-1
note-off,4006000000000000,5280,269,synth,2,11,114,60,0,-1
note-on,4006000000000000,5280,282,midi,0,1,121,60,48,-1
note-on,4006000000000000,5280,286,midi,0,9,123,60,48,-1
note-on,4006000000000000,5280,280,synth,0,1,120,60,48,-1
note-on,4006000000000000,5280,284,synth,0,9,122,60,48,-1
note-on,4006800000000000,5400,290,midi,2,3,125,48,89,-1
note-on,4006800000000000,5400,294,midi,2,11,127,48,89,-1
note-on,4006800000000000,5400,288,synth,2,3,124,48,89,-1
note-on,4006800000000000,5400,292,synth,2,11,126,48,89,-1
note-off,4007400000000000,5580,291,midi,2,3,125,48,0,-1
note-off,4007400000000000,5580,295,midi,2,11,127,48,0,-1
note-off,4007400000000000,5580,289,synth,2,3,124,48,0,-1
note-off,4007400000000000,5580,293,synth,2,11,126,48,0,-1
note-on,4008800000000000,5880,298,midi,5,6,129,55,89,-1
note-on,4008800000000000,5880,306,midi,5,6,133,53,89,-1
note-on,4008800000000000,5880,314,midi,5,6,137,58,89,-1
note-on,4008800000000000,5880,302,midi,5,14,131,55,89,-1
note-on,4008800000000000,5880,310,midi,5,14,135,53,89,-1
note-on,4008800000000000,5880,318,midi,5,14,139,58,89,-1
note-on,4008800000000000,5880,296,synth,5,6,128,55,89,-1
note-on,4008800000000000,5880,304,synth,5,6,132,53,89,-1
note-on,4008800000000000,5880,312,synth,5,6,136,58,89,-1
note-on,4008800000000000,5880,300,synth,5,14,130,55,89,-1
note-on,4008800000000000,5880,308,synth,5,14,134,53,89,-1
note-on,4008800000000000,5880,316,synth,5,14,138,58,89,-1
note-off,4009800000000000,6120,323,midi,2,3,101,50,0,-1
note-off,4009800000000000,6120,329,midi,2,11,103,50,0,-1
note-off,4009800000000000,6120,320,synth,2,3,100,50,0,-1
note-off,4009800000000000,6120,326,synth,2,11,102,50,0,-1
note-on,4009800000000000,6120,324,midi,2,3,141,50,89,-1
note-on,4009800000000000,6120,334,midi,3,4,145,65,89,-1
note-on,4009800000000000,6120,330,midi,2,11,143,50,89,-1
note-on,4009800000000000,6120,338,midi,3,12,147,65,89,-1
note-on,4009800000000000,6120,321,synth,2,3,140,50,89,-1
note-on,4009800000000000,6120,332,synth,3,4,144,65,89,-1
note-on,4009800000000000,6120,327,synth,2,11,142,50,89,-1
note-on,4009800000000000,6120,336,synth,3,12,146,65,89,-1
note-off,4009e00000000000,6210,325,midi,2,3,141,50,0,-1
note-off,4009e00000000000,6210,331,midi,2,11,143,50,0,-1
note-off,4009e00000000000,6210,322,synth,2,3,140,50,0,-1
note-off,4009e00000000000,6210,328,synth,2,11,142,50,0,-1
note-on,400a000000000000,6240,342,midi,0,1,149,62,89,-1
note-on,400a000000000000,6240,346,midi,0,9,151,62,89,-1
note-on,400a000000000000,6240,340,synth,0,1,148,62,89,-1
note-on,400a000000000000,6240,344,synth,0,9,150,62,89,-1
note-off,400a19999999999a,6264,335,midi,3,4,145,65,0,-1
note-off,400a19999999999a,6264,339,midi,3,12,147,65,0,-1
note-off,400a19999999999a,6264,333,synth,3,4,144,65,0,-1
note-off,400a19999999999a,6264,337,synth,3,12,146,65,0,-1
note-off,400a800000000000,6360,343,midi,0,1,149,62,0,-1
note-off,400a800000000000,6360,347,midi,0,9,151,62,0,-1
note-off,400a800000000000,6360,341,synth,0,1,148,62,0,-1
note-off,400a800000000000,6360,345,synth,0,9,150,62,0,-1
note-off,400b000000000000,6480,351,midi,2,3,105,58,0,-1
note-off,400b000000000000,6480,357,midi,2,11,107,58,0,-1
note-off,400b000000000000,6480,348,synth,2,3,104,58,0,-1
note-off,400b000000000000,6480,354,synth,2,11,106,58,0,-1
note-on,400b000000000000,6480,352,midi,2,3,153,58,89,-1
note-on,400b000000000000,6480,358,midi,2,11,155,58,89,-1
note-on,400b000000000000,6480,349,synth,2,3,152,58,89,-1
note-on,400b000000000000,6480,355,synth,2,11,154,58,89,-1
note-off,400b400000000000,6840,275,midi,1,2,117,55,0,-1
note-off,400b400000000000,6840,279,midi,1,10,119,55,0,-1
note-off,400b400000000000,6840,273,synth,1,2,116,55,0,-1
note-off,400b400000000000,6840,277,synth,1,10,118,55,0,-1
note-on,400d000000000000,6960,362,midi,4,5,157,72,89,-1
note-on,400d000000000000,6960,366,midi,4,13,159,72,89,-1
note-on,400d000000000000,6960,360,synth,4,5,156,72,89,-1
note-on,400d000000000000,6960,364,synth,4,13,158,72,89,-1
note-off,400d800000000000,7080,353,midi,2,3,153,58,0,-1
note-off,400d800000000000,7080,359,midi,2,11,155,58,0,-1
note-off,400d800000000000,7080,350,synth,2,3,152,58,0,-1
note-off,400d800000000000,7080,356,synth,2,11,154,58,0,-1
note-off,400da80000000000,7230,299,midi,5,6,129,55,0,-1
note-off,400da80000000000,7230,307,midi,5,6,133,53,0,-1
note-off,400da80000000000,7230,315,midi,5,6,137,58,0,-1
note-off,400da80000000000,7230,303,midi,5,14,131,55,0,-1
note-off,400da80000000000,7230,311,midi,5,14,135,53,0,-1
note-off,400da80000000000,7230,319,midi,5,14,139,58,0,-1
note-off,400da80000000000,7230,297,synth,5,6,128,55,0,-1
note-off,400da80000000000,7230,305,synth,5,6,132,53,0,-1
note-off,400da80000000000,7230,313,synth,5,6,136,58,0,-1
note-off,400da80000000000,7230,301,synth,5,14,130,55,0,-1
note-off,400da80000000000,7230,309,synth,5,14,134,53,0,-1
note-off,400da80000000000,7230,317,synth,5,14,138,58,0,-1
note-off,400dc00000000000,7140,363,midi,4,5,157,72,0,-1
note-off,400dc00000000000,7140,367,midi,4,13,159,72,0,-1
note-off,400dc00000000000,7140,361,synth,4,5,156,72,0,-1
note-off,400dc00000000000,7140,365,synth,4,13,158,72,0,-1
note-off,400e000000000000,7200,371,midi,0,1,121,60,0,-1
note-off,400e000000000000,7200,377,midi,0,9,123,60,0,-1
note-off,400e000000000000,7200,368,synth,0,1,120,60,0,-1
note-off,400e000000000000,7200,374,synth,0,9,122,60,0,-1
note-on,400e000000000000,7200,372,midi,0,1,161,60,69,-1
note-on,400e000000000000,7200,378,midi,0,9,163,60,69,-1
note-on,400e000000000000,7200,369,synth,0,1,160,60,69,-1
note-on,400e000000000000,7200,375,synth,0,9,162,60,69,-1
note-off,400ec00000000000,7380,373,midi,0,1,161,60,0,-1
note-off,400ec00000000000,7380,379,midi,0,9,163,60,0,-1
note-off,400ec00000000000,7380,370,synth,0,1,160,60,0,-1
note-off,400ec00000000000,7380,376,synth,0,9,162,60,0,-1
# window 1 drained, 0 pending
note-on,4010800000000000,7920,382,midi,2,3,165,60,89,-1
note-on,4010800000000000,7920,390,midi,4,5,169,62,69,-1
note-on,4010800000000000,7920,398,midi,6,7,173,58,69,-1
note-on,4010800000000000,7920,406,midi,6,7,177,53,69,-1
note-on,4010800000000000,7920,414,midi,6,7,181,60,69,-1
note-on,4010800000000000,7920,386,midi,2,11,167,60,89,-1
note-on,4010800000000000,7920,394,midi,4,13,171,62,69,-1
note-on,4010800000000000,7920,402,midi,6,15,175,58,69,-1
note-on,4010800000000000,7920,410,midi,6,15,179,53,69,-1
note-on,4010800000000000,7920,418,midi,6,15,183,60,69,-1
note-on,4010800000000000,7920,380,synth,2,3,164,60,89,-1
note-on,4010800000000000,7920,388,synth,4,5,168,62,69,-1
note-on,4010800000000000,7920,396,synth,6,7,172,58,69,-1
note-on,4010800000000000,7920,404,synth,6,7,176,53,69,-1
note-on,4010800000000000,7920,412,synth,6,7,180,60,69,-1
note-on,4010800000000000,7920,384,synth,2,11,166,60,89,-1
note-on,4010800000000000,7920,392,synth,4,13,170,62,69,-1
note-on,4010800000000000,7920,400,synth,6,15,174,58,69,-1
note-on,4010800000000000,7920,408,synth,6,15,178,53,69,-1
note-on,4010800000000000,7920,416,synth,6,15,182,60,69,-1
note-off,4010b00000000000,8010,391,midi,4,5,169,62,0,-1
note-off,4010b00000000000,8010,395,midi,4,13,171,62,0,-1
note-off,4010b00000000000,8010,389,synth,4,5,168,62,0,-1
note-off,4010b00000000000,8010,393,synth,4,13,170,62,0,-1
note-on,4010d55555555555,8280,422,midi,5,6,185,60,110,-1
note-on,4010d55555555555,8280,426,midi,5,14,187,60,110,-1
note-on,4010d55555555555,8280,420,synth,5,6,184,60,110,-1
note-on,4010d55555555555,8280,424,synth,5,14,186,60,110,-1
note-on,4011000000000000,8160,430,midi,2,3,189,53,89,-1
note-on,4011000000000000,8160,434,midi,2,11,191,53,89,-1
note-on,4011000000000000,8160,428,synth,2,3,188,53,89,-1
note-on,4011000000000000,8160,432,synth,2,11,190,53,89,-1
note-off,4011815555555555,8640,423,midi,5,6,185,60,0,-1
note-off,4011815555555555,8640,427,midi,5,14,187,60,0,-1
note-off,4011815555555555,8640,421,synth,5,6,184,60,0,-1
note-off,4011815555555555,8640,425,synth,5,14,186,60,0,-1
note-off,4011c00000000000,8520,447,midi,2,3,189,53,0,-1
note-off,4011c00000000000,8520,459,midi,2,3,165,60,0,-1
note-off,4011c00000000000,8520,453,midi,2,11,191,53,0,-1
note-off,4011c00000000000,8520,465,midi,2,11,167,60,0,-1
note-off,4011c00000000000,8520,444,synth,2,3,188,53,0,-1
note-off,4011c00000000000,8520,456,synth,2,3,164,60,0,-1
note-off,4011c00000000000,8520,450,synth,2,11,190,53,0,-1
note-off,4011c00000000000,8520,462,synth,2,11,166,60,0,-1
note-on,4011c00000000000,8520,438,midi,2,3,193,50,89,-1
note-on,4011c00000000000,8520,448,midi,2,3,197,53,89,-1
note-on,4011c00000000000,8520,460,midi,2,3,201,60,89,-1
note-on,4011c00000000000,8520,442,midi,2,11,195,50,89,-1
note-on,4011c00000000000,8520,454,midi,2,11,199,53,89,-1
note-on,4011c00000000000,8520,466,midi,2,11,203,60,89,-1
note-on,4011c00000000000,8520,436,synth,2,3,192,50,89,-1
note-on,4011c00000000000,8520,445,synth,2,3,196,53,89,-1
note-on,4011c00000000000,8520,457,synth,2,3,200,60,89,-1
note-on,4011c00000000000,8520,440,synth,2,11,194,50,89,-1
note-on,4011c00000000000,8520,451,synth,2,11,198,53,89,-1
note-on,4011c00000000000,8520,463,synth,2,11,202,60,89,-1
note-off,4012000000000000,8640,399,midi,6,7,173,58,0,-1
note-off,4012000000000000,8640,407,midi,6,7,177,53,0,-1
note-off,4012000000000000,8640,415,midi,6,7,181,60,0,-1
note-off,4012000000000000,8640,403,midi,6,15,175,58,0,-1
note-off,4012000000000000,8640,411,midi,6,15,179,53,0,-1
note-off,4012000000000000,8640,419,midi,6,15,183,60,0,-1
note-off,4012000000000000,8640,397,synth,6,7,172,58,0,-1
note-off,4012000000000000,8640,405,synth,6,7,176,53,0,-1
note-off,4012000000000000,8640,413,synth,6,7,180,60,0,-1
note-off,4012000000000000,8640,401,synth,6,15,174,58,0,-1
note-off,4012000000000000,8640,409,synth,6,15,178,53,0,-1
note-off,4012000000000000,8640,417,synth,6,15,182,60,0,-1
note-on,4012800000000000,8880,470,midi,6,7,205,50,89,-1
note-on,4012800000000000,8880,474,midi,6,15,207,50,89,-1
note-on,4012800000000000,8880,468,synth,6,7,204,50,89,-1
note-on,4012800000000000,8880,472,synth,6,15,206,50,89,-1
note-off,4012c00000000000,9000,479,midi,2,3,193,50,0,-1
note-off,4012c00000000000,9000,485,midi,2,11,195,50,0,-1
note-off,4012c00000000000,9000,476,synth,2,3,192,50,0,-1
note-off,4012c00000000000,9000,482,synth,2,11,194,50,0,-1
note-on,4012c00000000000,9000,480,midi,2,3,209,50,69,-1
note-on,4012c00000000000,9000,486,midi,2,11,211,50,69,-1
note-on,4012c00000000000,9000,477,synth,2,3,208,50,69,-1
note-on,4012c00000000000,9000,483,synth,2,11,210,50,69,-1
note-off,4014000000000000,9600,471,midi,6,7,205,50,0,-1
note-off,4014000000000000,9600,475,midi,6,15,207,50,0,-1
note-off,4014000000000000,9600,469,synth,6,7,204,50,0,-1
note-off,4014000000000000,9600,473,synth,6,15,206,50,0,-1
note-off,4014400000000000,9720,499,midi,2,3,197,53,0,-1
note-off,4014400000000000,9720,511,midi,2,3,201,60,0,-1
note-off,4014400000000000,9720,505,midi,2,11,199,53,0,-1
note-off,4014400000000000,9720,517,midi,2,11,203,60,0,-1
note-off,4014400000000000,9720,496,synth,2,3,196,53,0,-1
note-off,4014400000000000,9720,508,synth,2,3,200,60,0,-1
note-off,4014400000000000,9720,502,synth,2,11,198,53,0,-1
note-off,4014400000000000,9720,514,synth,2,11,202,60,0,-1
note-on,4014400000000000,9720,490,midi,2,3,213,58,48,-1
note-on,4014400000000000,9720,500,midi,2,3,217,53,48,-1
note-on,4014400000000000,9720,512,midi,2,3,221,60,48,-1
note-on,4014400000000000,9720,494,midi,2,11,215,58,48,-1
note-on,4014400000000000,9720,506,midi,2,11,219,53,48,-1
note-on,4014400000000000,9720,518,midi,2,11,223,60,48,-1
note-on,4014400000000000,9720,488,synth,2,3,212,58,48,-1
note-on,4014400000000000,9720,497,synth,2,3,216,53,48,-1
note-on,4014400000000000,9720,509,synth,2,3,220,60,48,-1
note-on,4014400000000000,9720,492,synth,2,11,214,58,48,-1
note-on,4014400000000000,9720,503,synth,2,11,218,53,48,-1
note-on,4014400000000000,9720,515,synth,2,11,222,60,48,-1
note-on,40148aaaaaaaaaab,9960,522,midi,5,6,225,58,89,-1
note-on,40148aaaaaaaaaab,9960,526,midi,5,14,227,58,89,-1
note-on,40148aaaaaaaaaab,9960,520,synth,5,6,224,58,89,-1
note-on,40148aaaaaaaaaab,9960,524,synth,5,14,226,58,89,-1
note-off,4014a00000000000,9900,491,midi,2,3,213,58,0,-1
note-off,4014a00000000000,9900,495,midi,2,11,215,58,0,-1
note-off,4014a00000000000,9900,489,synth,2,3,212,58,0,-1
note-off,4014a00000000000,9900,493,synth,2,11,214,58,0,-1
note-off,4014a6aaaaaaaaab,10050,523,midi,5,6,225,58,0,-1
note-off,4014a6aaaaaaaaab,10050,527,midi,5,14,227,58,0,-1
note-off,4014a6aaaaaaaaab,10050,521,synth,5,6,224,58,0,-1
note-off,4014a6aaaaaaaaab,10050,525,synth,5,14,226,58,0,-1
note-off,4015000000000000,10080,531,midi,2,3,221,60,0,-1
note-off,4015000000000000,10080,537,midi,2,11,223,60,0,-1
note-off,4015000000000000,10080,528,synth,2,3,220,60,0,-1
note-off,4015000000000000,10080,534,synth,2,11,222,60,0,-1
note-on,4015000000000000,10080,532,midi,2,3,229,60,89,-1
note-on,4015000000000000,10080,538,midi,2,11,231,60,89,-1
note-on,4015000000000000,10080,529,synth,2,3,228,60,89,-1
note-on,4015000000000000,10080,535,synth,2,11,230,60,89,-1
note-on,4015200000000000,10440,542,midi,5,6,233,50,89,-1
note-on,4015200000000000,10440,546,midi,5,14,235,50,89,-1
note-on,4015200000000000,10440,540,synth,5,6,232,50,89,-1
note-on,4015200000000000,10440,544,synth,5,14,234,50,89,-1
note-off,40158f0000000000,10620,543,midi,5,6,233,50,0,-1
note-off,40158f0000000000,10620,547,midi,5,14,235,50,0,-1
note-off,40158f0000000000,10620,541,synth,5,6,232,50,0,-1
note-off,40158f0000000000,10620,545,synth,5,14,234,50,0,-1
note-off,4016800000000000,10800,551,midi,2,3,217,53,0,-1
note-off,4016800000000000,10800,557,midi,2,11,219,53,0,-1
note-off,4016800000000000,10800,548,synth,2,3,216,53,0,-1
note-off,4016800000000000,10800,554,synth,2,11,218,53,0,-1
note-on,4016800000000000,10800,552,midi,2,3,237,53,89,-1
note-on,4016800000000000,10800,558,midi,2,11,239,53,89,-1
note-on,4016800000000000,10800,549,synth,2,3,236,53,89,-1
note-on,4016800000000000,10800,555,synth,2,11,238,53,89,-1
note-off,4017400000000000,11160,563,midi,2,3,209,50,0,-1
note-off,4017400000000000,11160,575,midi,2,3,237,53,0,-1
note-off,4017400000000000,11160,587,midi,2,3,229,60,0,-1
note-off,4017400000000000,11160,569,midi,2,11,211,50,0,-1
note-off,4017400000000000,11160,581,midi,2,11,239,53,0,-1
note-off,4017400000000000,11160,593,midi,2,11,231,60,0,-1
note-off,4017400000000000,11160,560,synth,2,3,208,50,0,-1
note-off,4017400000000000,11160,572,synth,2,3,236,53,0,-1
note-off,4017400000000000,11160,584,synth,2,3,228,60,0,-1
note-off,4017400000000000,11160,566,synth,2,11,210,50,0,-1
note-off,4017400000000000,11160,578,synth,2,11,238,53,0,-1
note-off,4017400000000000,11160,590,synth,2,11,230,60,0,-1
note-on,4017400000000000,11160,564,midi,2,3,241,50,89,-1
note-on,4017400000000000,11160,576,midi,2,3,245,53,89,-1
note-on,4017400000000000,11160,588,midi,2,3,249,60,89,-1
note-on,4017400000000000,11160,570,midi,2,11,243,50,89,-1
note-on,4017400000000000,11160,582,midi,2,11,247,53,89,-1
note-on,4017400000000000,11160,594,midi,2,11,251,60,89,-1
note-on,4017400000000000,11160,561,synth,2,3,240,50,89,-1
note-on,4017400000000000,11160,573,synth,2,3,244,53,89,-1
note-on,4017400000000000,11160,585,synth,2,3,248,60,89,-1
note-on,4017400000000000,11160,567,synth,2,11,242,50,89,-1
note-on,4017400000000000,11160,579,synth,2,11,246,53,89,-1
note-on,4017400000000000,11160,591,synth,2,11,250,60,89,-1
note-off,4017d00000000000,11430,565,midi,2,3,241,50,0,-1
note-off,4017d00000000000,11430,577,midi,2,3,245,53,0,-1
note-off,4017d00000000000,11430,589,midi,2,3,249,60,0,-1
note-off,4017d00000000000,11430,571,midi,2,11,243,50,0,-1
note-off,4017d00000000000,11430,583,midi,2,11,247,53,0,-1
note-off,4017d00000000000,11430,595,midi,2,11,251,60,0,-1
note-off,4017d00000000000,11430,562,synth,2,3,240,50,0,-1
note-off,4017d00000000000,11430,574,synth,2,3,244,53,0,-1
note-off,4017d00000000000,11430,586,synth,2,3,248,60,0,-1
note-off,4017d00000000000,11430,568,synth,2,11,242,50,0,-1
note-off,4017d00000000000,11430,580,synth,2,11,246,53,0,-1
note-off,4017d00000000000,11430,592,synth,2,11,250,60,0,-1
# window 2 drained, 0 pending
note-on,4018000000000000,11520,598,midi,2,3,253,50,89,-1
note-on,4018000000000000,11520,606,midi,4,5,257,70,89,-1
note-on,4018000000000000,11520,602,midi,2,11,255,50,89,-1
note-on,4018000000000000,11520,610,midi,4,13,259,70,89,-1
note-on,4018000000000000,11520,596,synth,2,3,252,50,89,-1
note-on,4018000000000000,11520,604,synth,4,5,256,70,89,-1
note-on,4018000000000000,11520,600,synth,2,11,254,50,89,-1
note-on,4018000000000000,11520,608,synth,4,13,258,70,89,-1
note-on,4019000000000000,12000,614,midi,2,3,261,60,69,-1
note-on,4019000000000000,12000,618,midi,2,11,263,60,69,-1
note-on,4019000000000000,12000,612,synth,2,3,260,60,69,-1
note-on,4019000000000000,12000,616,synth,2,11,262,60,69,-1
note-off,4019600000000000,12180,615,midi,2,3,261,60,0,-1
note-off,4019600000000000,12180,619,midi,2,11,263,60,0,-1
note-off,4019600000000000,12180,613,synth,2,3,260,60,0,-1
note-off,4019600000000000,12180,617,synth,2,11,262,60,0,-1
note-on,4019800000000000,12240,622,midi,4,5,265,67,110,-1
note-on,4019800000000000,12240,626,midi,4,13,267,67,110,-1
note-on,4019800000000000,12240,620,synth,4,5,264,67,110,-1
note-on,4019800000000000,12240,624,synth,4,13,266,67,110,-1
note-off,401a000000000000,12480,623,midi,4,5,265,67,0,-1
note-off,401a000000000000,12480,627,midi,4,13,267,67,0,-1
note-off,401a000000000000,12480,621,synth,4,5,264,67,0,-1
note-off,401a000000000000,12480,625,synth,4,13,266,67,0,-1
note-on,401a000000000000,12480,630,midi,2,3,269,58,110,-1
note-on,401a000000000000,12480,634,midi,2,11,271,58,110,-1
note-on,401a000000000000,12480,628,synth,2,3,268,58,110,-1
note-on,401a000000000000,12480,632,synth,2,11,270,58,110,-1
note-off,401a300000000000,12570,631,midi,2,3,269,58,0,-1
note-off,401a300000000000,12570,635,midi,2,11,271,58,0,-1
note-off,401a300000000000,12570,629,synth,2,3,268,58,0,-1
note-off,401a300000000000,12570,633,synth,2,11,270,58,0,-1
note-on,401aa00000000000,13080,638,midi,1,2,273,48,89,-1
note-on,401aa00000000000,13080,646,midi,1,2,277,50,89,-1
note-on,401aa00000000000,13080,654,midi,1,2,281,55,89,-1
note-on,401aa00000000000,13080,642,midi,1,10,275,48,89,-1
note-on,401aa00000000000,13080,650,midi,1,10,279,50,89,-1
note-on,401aa00000000000,13080,658,midi,1,10,283,55,89,-1
note-on,401aa00000000000,13080,636,synth,1,2,272,48,89,-1
note-on,401aa00000000000,13080,644,synth,1,2,276,50,89,-1
note-on,401aa00000000000,13080,652,synth,1,2,280,55,89,-1
note-on,401aa00000000000,13080,640,synth,1,10,274,48,89,-1
note-on,401aa00000000000,13080,648,synth,1,10,278,50,89,-1
note-on,401aa00000000000,13080,656,synth,1,10,282,55,89,-1
note-off,401ac00000000000,12840,663,midi,2,3,253,50,0,-1
note-off,401ac00000000000,12840,669,midi,2,11,255,50,0,-1
note-off,401ac00000000000,12840,660,synth,2,3,252,50,0,-1
note-off,401ac00000000000,12840,666,synth,2,11,254,50,0,-1
note-on,401ac00000000000,12840,664,midi,2,3,285,50,89,-1
note-on,401ac00000000000,12840,670,midi,2,11,287,50,89,-1
note-on,401ac00000000000,12840,661,synth,2,3,284,50,89,-1
note-on,401ac00000000000,12840,667,synth,2,11,286,50,89,-1
note-off,401b740000000000,13440,639,midi,1,2,273,48,0,-1
note-off,401b740000000000,13440,647,midi,1,2,277,50,0,-1
note-off,401b740000000000,13440,655,midi,1,2,281,55,0,-1
note-off,401b740000000000,13440,643,midi,1,10,275,48,0,-1
note-off,401b740000000000,13440,651,midi,1,10,279,50,0,-1
note-off,401b740000000000,13440,659,midi,1,10,283,55,0,-1
note-off,401b740000000000,13440,637,synth,1,2,272,48,0,-1
note-off,401b740000000000,13440,645,synth,1,2,276,50,0,-1
note-off,401b740000000000,13440,653,synth,1,2,280,55,0,-1
note-off,401b740000000000,13440,641,synth,1,10,274,48,0,-1
note-off,401b740000000000,13440,649,synth,1,10,278,50,0,-1
note-off,401b740000000000,13440,657,synth,1,10,282,55,0,-1
note-on,401c000000000000,13440,674,midi,0,1,289,65,69,-1
note-on,401c000000000000,13440,678,midi,0,9,291,65,69,-1
note-on,401c000000000000,13440,672,synth,0,1,288,65,69,-1
note-on,401c000000000000,13440,676,synth,0,9,290,65,69,-1
note-on,401c8aaaaaaaaaab,13800,682,midi,5,6,293,55,48,-1
note-on,401c8aaaaaaaaaab,13800,690,midi,5,6,297,53,48,-1
note-on,401c8aaaaaaaaaab,13800,698,midi,5,6,301,58,48,-1
note-on,401c8aaaaaaaaaab,13800,686,midi,5,14,295,55,48,-1
note-on,401c8aaaaaaaaaab,13800,694,midi,5,14,299,53,48,-1
note-on,401c8aaaaaaaaaab,13800,702,midi,5,14,303,58,48,-1
note-on,401c8aaaaaaaaaab,13800,680,synth,5,6,292,55,48,-1
note-on,401c8aaaaaaaaaab,13800,688,synth,5,6,296,53,48,-1
note-on,401c8aaaaaaaaaab,13800,696,synth,5,6,300,58,48,-1
note-on,401c8aaaaaaaaaab,13800,684,synth,5,14,294,55,48,-1
note-on,401c8aaaaaaaaaab,13800,692,synth,5,14,298,53,48,-1
note-on,401c8aaaaaaaaaab,13800,700,synth,5,14,302,58,48,-1
note-on,401d000000000000,13920,706,midi,2,3,305,48,89,-1
note-on,401d000000000000,13920,710,midi,2,11,307,48,89,-1
note-on,401d000000000000,13920,704,synth,2,3,304,48,89,-1
note-on,401d000000000000,13920,708,synth,2,11,306,48,89,-1
note-off,401d400000000000,14040,707,midi,2,3,305,48,0,-1
note-off,401d400000000000,14040,711,midi,2,11,307,48,0,-1
note-off,401d400000000000,14040,705,synth,2,3,304,48,0,-1
note-off,401d400000000000,14040,709,synth,2,11,306,48,0,-1
note-off,401d800000000000,14160,675,midi,0,1,289,65,0,-1
note-off,401d800000000000,14160,715,midi,4,5,257,70,0,-1
note-off,401d800000000000,14160,679,midi,0,9,291,65,0,-1
note-off,401d800000000000,14160,721,midi,4,13,259,70,0,-1
note-off,401d800000000000,14160,673,synth,0,1,288,65,0,-1
note-off,401d800000000000,14160,712,synth,4,5,256,70,0,-1
note-off,401d800000000000,14160,677,synth,0,9,290,65,0,-1
note-off,401d800000000000,14160,718,synth,4,13,258,70,0,-1
note-on,401d800000000000,14160,716,midi,4,5,309,70,110,-1
note-on,401d800000000000,14160,722,midi,4,13,311,70,110,-1
note-on,401d800000000000,14160,713,synth,4,5,308,70,110,-1
note-on,401d800000000000,14160,719,synth,4,13,310,70,110,-1
note-off,401e000000000000,14400,727,midi,2,3,285,50,0,-1
note-off,401e000000000000,14400,733,midi,2,11,287,50,0,-1
note-off,401e000000000000,14400,724,synth,2,3,284,50,0,-1
note-off,401e000000000000,14400,730,synth,2,11,286,50,0,-1
note-on,401e000000000000,14400,728,midi,2,3,313,50,89,-1
note-on,401e000000000000,14400,734,midi,2,11,315,50,89,-1
note-on,401e000000000000,14400,725,synth,2,3,312,50,89,-1
note-on,401e000000000000,14400,731,synth,2,11,314,50,89,-1
note-off,401e100000000000,14430,717,midi,4,5,309,70,0,-1
note-off,401e100000000000,14430,723,midi,4,13,311,70,0,-1
note-off,401e100000000000,14430,714,synth,4,5,308,70,0,-1
note-off,401e100000000000,14430,720,synth,4,13,310,70,0,-1
note-off,401e42aaaaaaaaab,14700,683,midi,5,6,293,55,0,-1
note-off,401e42aaaaaaaaab,14700,691,midi,5,6,297,53,0,-1
note-off,401e42aaaaaaaaab,14700,699,midi,5,6,301,58,0,-1
note-off,401e42aaaaaaaaab,14700,687,midi,5,14,295,55,0,-1
note-off,401e42aaaaaaaaab,14700,695,midi,5,14,299,53,0,-1
note-off,401e42aaaaaaaaab,14700,703,midi,5,14,303,58,0,-1
note-off,401e42aaaaaaaaab,14700,681,synth,5,6,292,55,0,-1
note-off,401e42aaaaaaaaab,14700,689,synth,5,6,296,53,0,-1
note-off,401e42aaaaaaaaab,14700,697,synth,5,6,300,58,0,-1
note-off,401e42aaaaaaaaab,14700,685,synth,5,14,294,55,0,-1
note-off,401e42aaaaaaaaab,14700,693,synth,5,14,298,53,0,-1
note-off,401e42aaaaaaaaab,14700,701,synth,5,14,302,58,0,-1
note-off,401f000000000000,14880,729,midi,2,3,313,50,0,-1
note-off,401f000000000000,14880,735,midi,2,11,315,50,0,-1
note-off,401f000000000000,14880,726,synth,2,3,312,50,0,-1
note-off,401f000000000000,14880,732,synth,2,11,314,50,0,-1
note-on,401f000000000000,14880,738,midi,0,1,317,60,89,-1
note-on,401f000000000000,14880,742,midi,0,9,319,60,89,-1
note-on,401f000000000000,14880,736,synth,0,1,316,60,89,-1
note-on,401f000000000000,14880,740,synth,0,9,318,60,89,-1
note-off,401f0f5c28f5c28f,14909,739,midi,0,1,317,60,0,-1
note-off,401f0f5c28f5c28f,14909,743,midi,0,9,319,60,0,-1
note-off,401f0f5c28f5c28f,14909,737,synth,0,1,316,60,0,-1
note-off,401f0f5c28f5c28f,14909,741,synth,0,9,318,60,0,-1
# window 3 drained, 0 pending
