program-change,0000000000000000,0,0,midi,0,1,-1,-1,-1,0
program-change,0000000000000000,0,17,midi,8,1,-1,-1,-1,56
program-change,0000000000000000,0,2,midi,1,2,-1,-1,-1,7
program-change,0000000000000000,0,19,midi,9,2,-1,-1,-1,63
program-change,0000000000000000,0,4,midi,2,3,-1,-1,-1,14
program-change,0000000000000000,0,21,midi,10,3,-1,-1,-1,70
program-change,0000000000000000,0,6,midi,3,4,-1,-1,-1,21
program-change,0000000000000000,0,23,midi,11,4,-1,-1,-1,77
program-change,0000000000000000,0,8,midi,4,5,-1,-1,-1,28
program-change,0000000000000000,0,25,midi,12,5,-1,-1,-1,84
program-change,0000000000000000,0,10,midi,5,6,-1,-1,-1,35
program-change,0000000000000000,0,27,midi,13,6,-1,-1,-1,91
program-change,0000000000000000,0,12,midi,6,7,-1,-1,-1,42
program-change,0000000000000000,0,29,midi,14,7,-1,-1,-1,98
program-change,0000000000000000,0,14,midi,7,8,-1,-1,-1,49
program-change,0000000000000000,0,31,midi,15,8,-1,-1,-1,105
program-change,0000000000000000,0,1,midi,0,9,-1,-1,-1,0
program-change,0000000000000000,0,16,midi,8,9,-1,-1,-1,56
program-change,0000000000000000,0,3,midi,1,10,-1,-1,-1,7
program-change,0000000000000000,0,18,midi,9,10,-1,-1,-1,63
program-change,0000000000000000,0,5,midi,2,11,-1,-1,-1,14
program-change,0000000000000000,0,20,midi,10,11,-1,-1,-1,70
program-change,0000000000000000,0,7,midi,3,12,-1,-1,-1,21
program-change,0000000000000000,0,22,midi,11,12,-1,-1,-1,77
program-change,0000000000000000,0,9,midi,4,13,-1,-1,-1,28
program-change,0000000000000000,0,24,midi,12,13,-1,-1,-1,84
program-change,0000000000000000,0,11,midi,5,14,-1,-1,-1,35
program-change,0000000000000000,0,26,midi,13,14,-1,-1,-1,91
program-change,0000000000000000,0,13,midi,6,15,-1,-1,-1,42
program-change,0000000000000000,0,28,midi,14,15,-1,-1,-1,98
program-change,0000000000000000,0,15,midi,7,16,-1,-1,-1,49
program-change,0000000000000000,0,30,midi,15,16,-1,-1,-1,105
note-on,0000000000000000,0,46,midi,8,1,7,55,89,-1
note-on,0000000000000000,0,34,midi,4,5,1,60,89,-1
note-on,0000000000000000,0,42,midi,8,9,5,55,89,-1
note-on,0000000000000000,0,38,midi,4,13,3,60,89,-1
note-on,0000000000000000,0,44,synth,8,1,6,55,89,-1
note-on,0000000000000000,0,32,synth,4,5,0,60,89,-1
note-on,0000000000000000,0,40,synth,8,9,4,55,89,-1
note-on,0000000000000000,0,36,synth,4,13,2,60,89,-1
note-off,3f7eb851eb851eb8,14,47,midi,8,1,7,55,0,-1
note-off,3f7eb851eb851eb8,14,43,midi,8,9,5,55,0,-1
note-off,3f7eb851eb851eb8,14,45,synth,8,1,6,55,0,-1
note-off,3f7eb851eb851eb8,14,41,synth,8,9,4,55,0,-1
note-off,3f870a3d70a3d70a,22,35,midi,4,5,1,60,0,-1
note-off,3f870a3d70a3d70a,22,39,midi,4,13,3,60,0,-1
note-off,3f870a3d70a3d70a,22,33,synth,4,5,0,60,0,-1
note-off,3f870a3d70a3d70a,22,37,synth,4,13,2,60,0,-1
note-on,3fb0000000000000,120,50,midi,1,2,9,55,89,-1
note-on,3fb0000000000000,120,70,midi,9,2,19,62,110,-1
note-on,3fb0000000000000,120,58,midi,5,6,13,48,89,-1
note-on,3fb0000000000000,120,78,midi,13,6,23,58,89,-1
note-on,3fb0000000000000,120,54,midi,1,10,11,55,89,-1
note-on,3fb0000000000000,120,66,midi,9,10,17,62,110,-1
note-on,3fb0000000000000,120,62,midi,5,14,15,48,89,-1
note-on,3fb0000000000000,120,74,midi,13,14,21,58,89,-1
note-on,3fb0000000000000,120,48,synth,1,2,8,55,89,-1
note-on,3fb0000000000000,120,68,synth,9,2,18,62,110,-1
note-on,3fb0000000000000,120,56,synth,5,6,12,48,89,-1
note-on,3fb0000000000000,120,76,synth,13,6,22,58,89,-1
note-on,3fb0000000000000,120,52,synth,1,10,10,55,89,-1
note-on,3fb0000000000000,120,64,synth,9,10,16,62,110,-1
note-on,3fb0000000000000,120,60,synth,5,14,14,48,89,-1
note-on,3fb0000000000000,120,72,synth,13,14,20,58,89,-1
note-on,3fc0000000000000,240,82,midi,2,3,25,48,89,-1
note-on,3fc0000000000000,240,94,midi,10,3,31,62,89,-1
note-on,3fc0000000000000,240,102,midi,14,7,35,55,89,-1
note-on,3fc0000000000000,240,86,midi,2,11,27,48,89,-1
note-on,3fc0000000000000,240,90,midi,10,11,29,62,89,-1
note-on,3fc0000000000000,240,98,midi,14,15,33,55,89,-1
note-on,3fc0000000000000,240,80,synth,2,3,24,48,89,-1
note-on,3fc0000000000000,240,92,synth,10,3,30,62,89,-1
note-on,3fc0000000000000,240,100,synth,14,7,34,55,89,-1
note-on,3fc0000000000000,240,84,synth,2,11,26,48,89,-1
note-on,3fc0000000000000,240,88,synth,10,11,28,62,89,-1
note-on,3fc0000000000000,240,96,synth,14,15,32,55,89,-1
note-off,3fc0f5c28f5c28f6,254,103,midi,14,7,35,55,0,-1
note-off,3fc0f5c28f5c28f6,254,99,midi,14,15,33,55,0,-1
note-off,3fc0f5c28f5c28f6,254,101,synth,14,7,34,55,0,-1
note-off,3fc0f5c28f5c28f6,254,97,synth,14,15,32,55,0,-1
note-off,3fc170a3d70a3d71,262,83,midi,2,3,25,48,0,-1
note-off,3fc170a3d70a3d71,262,87,midi,2,11,27,48,0,-1
note-off,3fc170a3d70a3d71,262,81,synth,2,3,24,48,0,-1
note-off,3fc170a3d70a3d71,262,85,synth,2,11,26,48,0,-1
note-off,3fc2e147ae147ae1,283,95,midi,10,3,31,62,0,-1
note-off,3fc2e147ae147ae1,283,91,midi,10,11,29,62,0,-1
note-off,3fc2e147ae147ae1,283,93,synth,10,3,30,62,0,-1
note-off,3fc2e147ae147ae1,283,89,synth,10,11,28,62,0,-1
note-on,3fc8000000000000,360,106,midi,3,4,37,53,89,-1
note-on,3fc8000000000000,360,114,midi,7,8,41,50,48,-1
note-on,3fc8000000000000,360,126,midi,15,8,47,65,89,-1
note-on,3fc8000000000000,360,110,midi,3,12,39,53,89,-1
note-on,3fc8000000000000,360,118,midi,7,16,43,50,48,-1
note-on,3fc8000000000000,360,122,midi,15,16,45,65,89,-1
note-on,3fc8000000000000,360,104,synth,3,4,36,53,89,-1
note-on,3fc8000000000000,360,112,synth,7,8,40,50,48,-1
note-on,3fc8000000000000,360,124,synth,15,8,46,65,89,-1
note-on,3fc8000000000000,360,108,synth,3,12,38,53,89,-1
note-on,3fc8000000000000,360,116,synth,7,16,42,50,48,-1
note-on,3fc8000000000000,360,120,synth,15,16,44,65,89,-1
note-on,3fd0000000000000,480,134,midi,8,1,51,58,110,-1
note-on,3fd0000000000000,480,142,midi,14,7,55,60,48,-1
note-on,3fd0000000000000,480,130,midi,8,9,49,58,110,-1
note-on,3fd0000000000000,480,138,midi,14,15,53,60,48,-1
note-on,3fd0000000000000,480,132,synth,8,1,50,58,110,-1
note-on,3fd0000000000000,480,140,synth,14,7,54,60,48,-1
note-on,3fd0000000000000,480,128,synth,8,9,48,58,110,-1
note-on,3fd0000000000000,480,136,synth,14,15,52,60,48,-1
note-on,3fd4000000000000,600,146,midi,2,3,57,53,48,-1
note-on,3fd4000000000000,600,150,midi,2,11,59,53,48,-1
note-on,3fd4000000000000,600,144,synth,2,3,56,53,48,-1
note-on,3fd4000000000000,600,148,synth,2,11,58,53,48,-1
note-on,3fd8000000000000,720,154,midi,4,5,61,62,48,-1
note-on,3fd8000000000000,720,158,midi,4,13,63,62,48,-1
note-on,3fd8000000000000,720,152,synth,4,5,60,62,48,-1
note-on,3fd8000000000000,720,156,synth,4,13,62,62,48,-1
note-off,3fdc000000000000,840,51,midi,1,2,9,55,0,-1
note-off,3fdc000000000000,840,55,midi,1,10,11,55,0,-1
note-off,3fdc000000000000,840,49,synth,1,2,8,55,0,-1
note-off,3fdc000000000000,840,53,synth,1,10,10,55,0,-1
note-off,3fde000000000000,900,155,midi,4,5,61,62,0,-1
note-off,3fde000000000000,900,159,midi,4,13,63,62,0,-1
note-off,3fde000000000000,900,153,synth,4,5,60,62,0,-1
note-off,3fde000000000000,900,157,synth,4,13,62,62,0,-1
note-off,3fdf000000000000,930,135,midi,8,1,51,58,0,-1
note-off,3fdf000000000000,930,131,midi,8,9,49,58,0,-1
note-off,3fdf000000000000,930,133,synth,8,1,50,58,0,-1
note-off,3fdf000000000000,930,129,synth,8,9,48,58,0,-1
note-off,3fdf800000000000,1020,59,midi,5,6,13,48,0,-1
note-off,3fdf800000000000,1020,63,midi,5,14,15,48,0,-1
note-off,3fdf800000000000,1020,57,synth,5,6,12,48,0,-1
note-off,3fdf800000000000,1020,61,synth,5,14,14,48,0,-1
note-on,3fe4000000000000,1200,162,midi,6,7,65,53,69,-1
note-on,3fe4000000000000,1200,166,midi,6,15,67,53,69,-1
note-on,3fe4000000000000,1200,160,synth,6,7,64,53,69,-1
note-on,3fe4000000000000,1200,164,synth,6,15,66,53,69,-1
note-on,3fe9000000000000,1800,174,midi,11,4,71,62,48,-1
note-on,3fe9000000000000,1800,170,midi,11,12,69,62,48,-1
note-on,3fe9000000000000,1800,172,synth,11,4,70,62,48,-1
note-on,3fe9000000000000,1800,168,synth,11,12,68,62,48,-1
note-on,3fec000000000000,1680,182,midi,8,1,75,65,89,-1
note-on,3fec000000000000,1680,190,midi,14,7,79,67,89,-1
note-on,3fec000000000000,1680,178,midi,8,9,73,65,89,-1
note-on,3fec000000000000,1680,186,midi,14,15,77,67,89,-1
note-on,3fec000000000000,1680,180,synth,8,1,74,65,89,-1
note-on,3fec000000000000,1680,188,synth,14,7,78,67,89,-1
note-on,3fec000000000000,1680,176,synth,8,9,72,65,89,-1
note-on,3fec000000000000,1680,184,synth,14,15,76,67,89,-1
note-on,3fee000000000000,1800,194,midi,2,3,81,60,89,-1
note-on,3fee000000000000,1800,198,midi,2,11,83,60,89,-1
note-on,3fee000000000000,1800,192,synth,2,3,80,60,89,-1
note-on,3fee000000000000,1800,196,synth,2,11,82,60,89,-1
note-on,3ff0000000000000,1920,206,midi,12,5,87,55,69,-1
note-on,3ff0000000000000,1920,202,midi,12,13,85,55,69,-1
note-on,3ff0000000000000,1920,204,synth,12,5,86,55,69,-1
note-on,3ff0000000000000,1920,200,synth,12,13,84,55,69,-1
note-on,3ff1000000000000,2040,210,midi,1,2,89,50,89,-1
note-on,3ff1000000000000,2040,222,midi,13,6,95,50,89,-1
note-on,3ff1000000000000,2040,214,midi,1,10,91,50,89,-1
note-on,3ff1000000000000,2040,218,midi,13,14,93,50,89,-1
note-on,3ff1000000000000,2040,208,synth,1,2,88,50,89,-1
note-on,3ff1000000000000,2040,220,synth,13,6,94,50,89,-1
note-on,3ff1000000000000,2040,212,synth,1,10,90,50,89,-1
note-on,3ff1000000000000,2040,216,synth,13,14,92,50,89,-1
note-off,3ff2000000000000,2160,207,midi,12,5,87,55,0,-1
note-off,3ff2000000000000,2160,249,midi,14,7,55,60,0,-1
note-off,3ff2000000000000,2160,261,midi,14,7,79,67,0,-1
note-off,3ff2000000000000,2160,203,midi,12,13,85,55,0,-1
note-off,3ff2000000000000,2160,243,midi,14,15,53,60,0,-1
note-off,3ff2000000000000,2160,255,midi,14,15,77,67,0,-1
note-off,3ff2000000000000,2160,205,synth,12,5,86,55,0,-1
note-off,3ff2000000000000,2160,246,synth,14,7,54,60,0,-1
note-off,3ff2000000000000,2160,258,synth,14,7,78,67,0,-1
note-off,3ff2000000000000,2160,201,synth,12,13,84,55,0,-1
note-off,3ff2000000000000,2160,240,synth,14,15,52,60,0,-1
note-off,3ff2000000000000,2160,252,synth,14,15,76,67,0,-1
note-on,3ff2000000000000,2160,230,midi,8,1,99,60,48,-1
note-on,3ff2000000000000,2160,238,midi,14,7,103,58,69,-1
note-on,3ff2000000000000,2160,250,midi,14,7,107,60,69,-1
note-on,3ff2000000000000,2160,262,midi,14,7,111,67,69,-1
note-on,3ff2000000000000,2160,226,midi,8,9,97,60,48,-1
note-on,3ff2000000000000,2160,234,midi,14,15,101,58,69,-1
note-on,3ff2000000000000,2160,244,midi,14,15,105,60,69,-1
note-on,3ff2000000000000,2160,256,midi,14,15,109,67,69,-1
note-on,3ff2000000000000,2160,228,synth,8,1,98,60,48,-1
note-on,3ff2000000000000,2160,236,synth,14,7,102,58,69,-1
note-on,3ff2000000000000,2160,247,synth,14,7,106,60,69,-1
note-on,3ff2000000000000,2160,259,synth,14,7,110,67,69,-1
note-on,3ff2000000000000,2160,224,synth,8,9,96,60,48,-1
note-on,3ff2000000000000,2160,232,synth,14,15,100,58,69,-1
note-on,3ff2000000000000,2160,241,synth,14,15,104,60,69,-1
note-on,3ff2000000000000,2160,253,synth,14,15,108,67,69,-1
note-off,3ff2c00000000000,2250,231,midi,8,1,99,60,0,-1
note-off,3ff2c00000000000,2250,227,midi,8,9,97,60,0,-1
note-off,3ff2c00000000000,2250,229,synth,8,1,98,60,0,-1
note-off,3ff2c00000000000,2250,225,synth,8,9,96,60,0,-1
note-off,3ff3000000000000,2280,275,midi,2,3,57,53,0,-1
note-off,3ff3000000000000,2280,287,midi,2,3,81,60,0,-1
note-off,3ff3000000000000,2280,305,midi,11,4,37,53,0,-1
note-off,3ff3000000000000,2280,325,midi,11,4,71,62,0,-1
note-off,3ff3000000000000,2280,281,midi,2,11,59,53,0,-1
note-off,3ff3000000000000,2280,293,midi,2,11,83,60,0,-1
note-off,3ff3000000000000,2280,299,midi,11,12,39,53,0,-1
note-off,3ff3000000000000,2280,319,midi,11,12,69,62,0,-1
note-off,3ff3000000000000,2280,272,synth,2,3,56,53,0,-1
note-off,3ff3000000000000,2280,284,synth,2,3,80,60,0,-1
note-off,3ff3000000000000,2280,302,synth,11,4,36,53,0,-1
note-off,3ff3000000000000,2280,322,synth,11,4,70,62,0,-1
note-off,3ff3000000000000,2280,278,synth,2,11,58,53,0,-1
note-off,3ff3000000000000,2280,290,synth,2,11,82,60,0,-1
note-off,3ff3000000000000,2280,296,synth,11,12,38,53,0,-1
note-off,3ff3000000000000,2280,316,synth,11,12,68,62,0,-1
note-on,3ff3000000000000,2280,266,midi,2,3,113,50,48,-1
note-on,3ff3000000000000,2280,276,midi,2,3,117,53,48,-1
note-on,3ff3000000000000,2280,288,midi,2,3,121,60,48,-1
note-on,3ff3000000000000,2280,306,midi,11,4,127,53,48,-1
note-on,3ff3000000000000,2280,314,midi,11,4,131,58,48,-1
note-on,3ff3000000000000,2280,326,midi,11,4,135,62,48,-1
note-on,3ff3000000000000,2280,270,midi,2,11,115,50,48,-1
note-on,3ff3000000000000,2280,282,midi,2,11,119,53,48,-1
note-on,3ff3000000000000,2280,294,midi,2,11,123,60,48,-1
note-on,3ff3000000000000,2280,300,midi,11,12,125,53,48,-1
note-on,3ff3000000000000,2280,310,midi,11,12,129,58,48,-1
note-on,3ff3000000000000,2280,320,midi,11,12,133,62,48,-1
note-on,3ff3000000000000,2280,264,synth,2,3,112,50,48,-1
note-on,3ff3000000000000,2280,273,synth,2,3,116,53,48,-1
note-on,3ff3000000000000,2280,285,synth,2,3,120,60,48,-1
note-on,3ff3000000000000,2280,303,synth,11,4,126,53,48,-1
note-on,3ff3000000000000,2280,312,synth,11,4,130,58,48,-1
note-on,3ff3000000000000,2280,323,synth,11,4,134,62,48,-1
note-on,3ff3000000000000,2280,268,synth,2,11,114,50,48,-1
note-on,3ff3000000000000,2280,279,synth,2,11,118,53,48,-1
note-on,3ff3000000000000,2280,291,synth,2,11,122,60,48,-1
note-on,3ff3000000000000,2280,297,synth,11,12,124,53,48,-1
note-on,3ff3000000000000,2280,308,synth,11,12,128,58,48,-1
note-on,3ff3000000000000,2280,317,synth,11,12,132,62,48,-1
note-off,3ff3a00000000000,2580,223,midi,13,6,95,50,0,-1
note-off,3ff3a00000000000,2580,219,midi,13,14,93,50,0,-1
note-off,3ff3a00000000000,2580,221,synth,13,6,94,50,0,-1
note-off,3ff3a00000000000,2580,217,synth,13,14,92,50,0,-1
note-off,3ff4000000000000,2400,163,midi,6,7,65,53,0,-1
note-off,3ff4000000000000,2400,167,midi,6,15,67,53,0,-1
note-off,3ff4000000000000,2400,161,synth,6,7,64,53,0,-1
note-off,3ff4000000000000,2400,165,synth,6,15,66,53,0,-1
note-on,3ff4000000000000,2400,330,midi,4,5,137,72,89,-1
note-on,3ff4000000000000,2400,334,midi,4,13,139,72,89,-1
note-on,3ff4000000000000,2400,328,synth,4,5,136,72,89,-1
note-on,3ff4000000000000,2400,332,synth,4,13,138,72,89,-1
note-off,3ff4800000000000,2760,211,midi,1,2,89,50,0,-1
note-off,3ff4800000000000,2460,267,midi,2,3,113,50,0,-1
note-off,3ff4800000000000,2760,215,midi,1,10,91,50,0,-1
note-off,3ff4800000000000,2460,271,midi,2,11,115,50,0,-1
note-off,3ff4800000000000,2760,209,synth,1,2,88,50,0,-1
note-off,3ff4800000000000,2460,265,synth,2,3,112,50,0,-1
note-off,3ff4800000000000,2760,213,synth,1,10,90,50,0,-1
note-off,3ff4800000000000,2460,269,synth,2,11,114,50,0,-1
note-off,3ff5aaaaaaaaaaab,3000,347,midi,5,6,23,58,0,-1
note-off,3ff5aaaaaaaaaaab,3000,353,midi,5,14,21,58,0,-1
note-off,3ff5aaaaaaaaaaab,3000,344,synth,5,6,22,58,0,-1
note-off,3ff5aaaaaaaaaaab,3000,350,synth,5,14,20,58,0,-1
note-on,3ff5aaaaaaaaaaab,3000,338,midi,1,2,141,46,110,-1
note-on,3ff5aaaaaaaaaaab,3000,348,midi,5,6,145,58,89,-1
note-on,3ff5aaaaaaaaaaab,3000,342,midi,1,10,143,46,110,-1
note-on,3ff5aaaaaaaaaaab,3000,354,midi,5,14,147,58,89,-1
note-on,3ff5aaaaaaaaaaab,3000,336,synth,1,2,140,46,110,-1
note-on,3ff5aaaaaaaaaaab,3000,345,synth,5,6,144,58,89,-1
note-on,3ff5aaaaaaaaaaab,3000,340,synth,1,10,142,46,110,-1
note-on,3ff5aaaaaaaaaaab,3000,351,synth,5,14,146,58,89,-1
note-off,3ff6000000000000,2640,365,midi,14,7,111,67,0,-1
note-off,3ff6000000000000,2640,359,midi,14,15,109,67,0,-1
note-off,3ff6000000000000,2640,362,synth,14,7,110,67,0,-1
note-off,3ff6000000000000,2640,356,synth,14,15,108,67,0,-1
note-on,3ff6000000000000,2640,366,midi,14,7,151,67,110,-1
note-on,3ff6000000000000,2640,360,midi,14,15,149,67,110,-1
note-on,3ff6000000000000,2640,363,synth,14,7,150,67,110,-1
note-on,3ff6000000000000,2640,357,synth,14,15,148,67,110,-1
note-off,3ff6400000000000,2670,331,midi,4,5,137,72,0,-1
note-off,3ff6400000000000,2670,335,midi,4,13,139,72,0,-1
note-off,3ff6400000000000,2670,329,synth,4,5,136,72,0,-1
note-off,3ff6400000000000,2670,333,synth,4,13,138,72,0,-1
note-off,3ff692aaaaaaaaab,3090,349,midi,5,6,145,58,0,-1
note-off,3ff692aaaaaaaaab,3090,355,midi,5,14,147,58,0,-1
note-off,3ff692aaaaaaaaab,3090,346,synth,5,6,144,58,0,-1
note-off,3ff692aaaaaaaaab,3090,352,synth,5,14,146,58,0,-1
note-off,3ff7000000000000,2760,127,midi,15,8,47,65,0,-1
note-off,3ff7000000000000,2760,123,midi,15,16,45,65,0,-1
note-off,3ff7000000000000,2760,125,synth,15,8,46,65,0,-1
note-off,3ff7000000000000,2760,121,synth,15,16,44,65,0,-1
note-off,3ff7800000000000,2820,367,midi,14,7,151,67,0,-1
note-off,3ff7800000000000,2820,361,midi,14,15,149,67,0,-1
note-off,3ff7800000000000,2820,364,synth,14,7,150,67,0,-1
note-off,3ff7800000000000,2820,358,synth,14,15,148,67,0,-1
note-off,3ff7caaaaaaaaaab,3180,339,midi,1,2,141,46,0,-1
note-off,3ff7caaaaaaaaaab,3180,343,midi,1,10,143,46,0,-1
note-off,3ff7caaaaaaaaaab,3180,337,synth,1,2,140,46,0,-1
note-off,3ff7caaaaaaaaaab,3180,341,synth,1,10,142,46,0,-1
note-off,3ff8000000000000,2880,389,midi,8,1,75,65,0,-1
note-off,3ff8000000000000,2880,371,midi,2,3,121,60,0,-1
note-off,3ff8000000000000,2880,401,midi,10,3,153,60,0,-1
note-off,3ff8000000000000,2880,383,midi,8,9,73,65,0,-1
note-off,3ff8000000000000,2880,377,midi,2,11,123,60,0,-1
note-off,3ff8000000000000,2880,395,midi,10,11,155,60,0,-1
note-off,3ff8000000000000,2880,386,synth,8,1,74,65,0,-1
note-off,3ff8000000000000,2880,368,synth,2,3,120,60,0,-1
note-off,3ff8000000000000,2880,398,synth,10,3,152,60,0,-1
note-off,3ff8000000000000,2880,380,synth,8,9,72,65,0,-1
note-off,3ff8000000000000,2880,374,synth,2,11,122,60,0,-1
note-off,3ff8000000000000,2880,392,synth,10,11,154,60,0,-1
note-on,3ff8000000000000,2880,390,midi,8,1,159,65,89,-1
note-on,3ff8000000000000,2880,372,midi,2,3,153,60,110,-1
note-on,3ff8000000000000,2880,402,midi,10,3,163,60,89,-1
note-on,3ff8000000000000,2880,384,midi,8,9,157,65,89,-1
note-on,3ff8000000000000,2880,378,midi,2,11,155,60,110,-1
note-on,3ff8000000000000,2880,396,midi,10,11,161,60,89,-1
note-on,3ff8000000000000,2880,387,synth,8,1,158,65,89,-1
note-on,3ff8000000000000,2880,369,synth,2,3,152,60,110,-1
note-on,3ff8000000000000,2880,399,synth,10,3,162,60,89,-1
note-on,3ff8000000000000,2880,381,synth,8,9,156,65,89,-1
note-on,3ff8000000000000,2880,375,synth,2,11,154,60,110,-1
note-on,3ff8000000000000,2880,393,synth,10,11,160,60,89,-1
note-off,3ff9000000000000,3000,413,midi,14,7,107,60,0,-1
note-off,3ff9000000000000,3000,407,midi,14,15,105,60,0,-1
note-off,3ff9000000000000,3000,410,synth,14,7,106,60,0,-1
note-off,3ff9000000000000,3000,404,synth,14,15,104,60,0,-1
note-on,3ff9000000000000,3000,414,midi,14,7,167,60,89,-1
note-on,3ff9000000000000,3000,408,midi,14,15,165,60,89,-1
note-on,3ff9000000000000,3000,411,synth,14,7,166,60,89,-1
note-on,3ff9000000000000,3000,405,synth,14,15,164,60,89,-1
note-on,3ffa000000000000,3120,418,midi,4,5,169,65,89,-1
note-on,3ffa000000000000,3120,422,midi,4,13,171,65,89,-1
note-on,3ffa000000000000,3120,416,synth,4,5,168,65,89,-1
note-on,3ffa000000000000,3120,420,synth,4,13,170,65,89,-1
note-off,3ffa2e147ae147ae,3142,419,midi,4,5,169,65,0,-1
note-off,3ffa2e147ae147ae,3142,423,midi,4,13,171,65,0,-1
note-off,3ffa2e147ae147ae,3142,417,synth,4,5,168,65,0,-1
note-off,3ffa2e147ae147ae,3142,421,synth,4,13,170,65,0,-1
note-on,3ffa800000000000,3480,426,midi,5,6,173,55,89,-1
note-on,3ffa800000000000,3480,430,midi,5,14,175,55,89,-1
note-on,3ffa800000000000,3480,424,synth,5,6,172,55,89,-1
note-on,3ffa800000000000,3480,428,synth,5,14,174,55,89,-1
note-off,3ffb000000000000,3240,453,midi,8,1,159,65,0,-1
note-off,3ffb000000000000,3240,403,midi,10,3,163,60,0,-1
note-off,3ffb000000000000,3240,435,midi,2,3,117,53,0,-1
note-off,3ffb000000000000,3240,415,midi,14,7,167,60,0,-1
note-off,3ffb000000000000,3240,447,midi,8,9,157,65,0,-1
note-off,3ffb000000000000,3240,397,midi,10,11,161,60,0,-1
note-off,3ffb000000000000,3240,441,midi,2,11,119,53,0,-1
note-off,3ffb000000000000,3240,409,midi,14,15,165,60,0,-1
note-off,3ffb000000000000,3240,450,synth,8,1,158,65,0,-1
note-off,3ffb000000000000,3240,400,synth,10,3,162,60,0,-1
note-off,3ffb000000000000,3240,432,synth,2,3,116,53,0,-1
note-off,3ffb000000000000,3240,412,synth,14,7,166,60,0,-1
note-off,3ffb000000000000,3240,444,synth,8,9,156,65,0,-1
note-off,3ffb000000000000,3240,394,synth,10,11,160,60,0,-1
note-off,3ffb000000000000,3240,438,synth,2,11,118,53,0,-1
note-off,3ffb000000000000,3240,406,synth,14,15,164,60,0,-1
note-on,3ffb000000000000,3240,454,midi,8,1,183,65,89,-1
note-on,3ffb000000000000,3240,436,midi,2,3,177,53,89,-1
note-on,3ffb000000000000,3240,448,midi,8,9,181,65,89,-1
note-on,3ffb000000000000,3240,442,midi,2,11,179,53,89,-1
note-on,3ffb000000000000,3240,451,synth,8,1,182,65,89,-1
note-on,3ffb000000000000,3240,433,synth,2,3,176,53,89,-1
note-on,3ffb000000000000,3240,445,synth,8,9,180,65,89,-1
note-on,3ffb000000000000,3240,439,synth,2,11,178,53,89,-1
note-off,3ffc000000000000,3360,465,midi,10,3,177,53,0,-1
note-off,3ffc000000000000,3360,459,midi,10,11,179,53,0,-1
note-off,3ffc000000000000,3360,462,synth,10,3,176,53,0,-1
note-off,3ffc000000000000,3360,456,synth,10,11,178,53,0,-1
note-on,3ffc000000000000,3360,466,midi,10,3,187,53,89,-1
note-on,3ffc000000000000,3360,460,midi,10,11,185,53,89,-1
note-on,3ffc000000000000,3360,463,synth,10,3,186,53,89,-1
note-on,3ffc000000000000,3360,457,synth,10,11,184,53,89,-1
note-off,3ffc800000000000,3720,471,midi,7,8,41,50,0,-1
note-off,3ffc800000000000,3720,477,midi,7,16,43,50,0,-1
note-off,3ffc800000000000,3720,468,synth,7,8,40,50,0,-1
note-off,3ffc800000000000,3720,474,synth,7,16,42,50,0,-1
note-on,3ffc800000000000,3720,472,midi,7,8,189,50,89,-1
note-on,3ffc800000000000,3720,478,midi,7,16,191,50,89,-1
note-on,3ffc800000000000,3720,469,synth,7,8,188,50,89,-1
note-on,3ffc800000000000,3720,475,synth,7,16,190,50,89,-1
note-on,3ffd000000000000,3480,486,midi,14,7,195,65,69,-1
note-on,3ffd000000000000,3480,482,midi,14,15,193,65,69,-1
note-on,3ffd000000000000,3480,484,synth,14,7,194,65,69,-1
note-on,3ffd000000000000,3480,480,synth,14,15,192,65,69,-1
note-off,3ffd800000000000,3540,455,midi,8,1,183,65,0,-1
note-off,3ffd800000000000,3540,449,midi,8,9,181,65,0,-1
note-off,3ffd800000000000,3540,452,synth,8,1,182,65,0,-1
note-off,3ffd800000000000,3540,446,synth,8,9,180,65,0,-1
note-off,3ffe000000000000,3600,467,midi,10,3,187,53,0,-1
note-off,3ffe000000000000,3600,461,midi,10,11,185,53,0,-1
note-off,3ffe000000000000,3600,464,synth,10,3,186,53,0,-1
note-off,3ffe000000000000,3600,458,synth,10,11,184,53,0,-1
note-off,3ffe755555555556,3780,307,midi,11,4,127,53,0,-1
note-off,3ffe755555555556,3780,315,midi,11,4,131,58,0,-1
note-off,3ffe755555555556,3780,327,midi,11,4,135,62,0,-1
note-off,3ffe755555555556,3780,301,midi,11,12,125,53,0,-1
note-off,3ffe755555555556,3780,311,midi,11,12,129,58,0,-1
note-off,3ffe755555555556,3780,321,midi,11,12,133,62,0,-1
note-off,3ffe755555555556,3780,304,synth,11,4,126,53,0,-1
note-off,3ffe755555555556,3780,313,synth,11,4,130,58,0,-1
note-off,3ffe755555555556,3780,324,synth,11,4,134,62,0,-1
note-off,3ffe755555555556,3780,298,synth,11,12,124,53,0,-1
note-off,3ffe755555555556,3780,309,synth,11,12,128,58,0,-1
note-off,3ffe755555555556,3780,318,synth,11,12,132,62,0,-1
note-off,3ffeb80000000000,3930,427,midi,5,6,173,55,0,-1
note-off,3ffeb80000000000,3930,431,midi,5,14,175,55,0,-1
note-off,3ffeb80000000000,3930,425,synth,5,6,172,55,0,-1
note-off,3ffeb80000000000,3930,429,synth,5,14,174,55,0,-1
note-off,3fff000000000000,3720,71,midi,9,2,19,62,0,-1
note-off,3fff000000000000,3720,487,midi,14,7,195,65,0,-1
note-off,3fff000000000000,3720,505,midi,14,7,103,58,0,-1
note-off,3fff000000000000,3720,67,midi,9,10,17,62,0,-1
note-off,3fff000000000000,3720,483,midi,14,15,193,65,0,-1
note-off,3fff000000000000,3720,499,midi,14,15,101,58,0,-1
note-off,3fff000000000000,3720,69,synth,9,2,18,62,0,-1
note-off,3fff000000000000,3720,485,synth,14,7,194,65,0,-1
note-off,3fff000000000000,3720,502,synth,14,7,102,58,0,-1
note-off,3fff000000000000,3720,65,synth,9,10,16,62,0,-1
note-off,3fff000000000000,3720,481,synth,14,15,192,65,0,-1
note-off,3fff000000000000,3720,496,synth,14,15,100,58,0,-1
note-on,3fff000000000000,3720,490,midi,2,3,197,58,89,-1
note-on,3fff000000000000,3720,506,midi,14,7,203,58,89,-1
note-on,3fff000000000000,3720,494,midi,2,11,199,58,89,-1
note-on,3fff000000000000,3720,500,midi,14,15,201,58,89,-1
note-on,3fff000000000000,3720,488,synth,2,3,196,58,89,-1
note-on,3fff000000000000,3720,503,synth,14,7,202,58,89,-1
note-on,3fff000000000000,3720,492,synth,2,11,198,58,89,-1
note-on,3fff000000000000,3720,497,synth,14,15,200,58,89,-1
note-off,3fff3d70a3d70a3d,3749,507,midi,14,7,203,58,0,-1
note-off,3fff3d70a3d70a3d,3749,501,midi,14,15,201,58,0,-1
note-off,3fff3d70a3d70a3d,3749,504,synth,14,7,202,58,0,-1
note-off,3fff3d70a3d70a3d,3749,498,synth,14,15,200,58,0,-1
note-off,3fff42aaaaaaaaab,4020,473,midi,7,8,189,50,0,-1
note-off,3fff42aaaaaaaaab,4020,479,midi,7,16,191,50,0,-1
note-off,3fff42aaaaaaaaab,4020,470,synth,7,8,188,50,0,-1
note-off,3fff42aaaaaaaaab,4020,476,synth,7,16,190,50,0,-1
# window 0 drained, 4 pending
note-on,4000000000000000,3840,510,midi,4,5,205,70,110,-1
note-on,4000000000000000,3840,522,midi,12,5,211,62,89,-1
note-on,4000000000000000,3840,514,midi,4,13,207,70,110,-1
note-on,4000000000000000,3840,518,midi,12,13,209,62,89,-1
note-on,4000000000000000,3840,508,synth,4,5,204,70,110,-1
note-on,4000000000000000,3840,520,synth,12,5,210,62,89,-1
note-on,4000000000000000,3840,512,synth,4,13,206,70,110,-1
note-on,4000000000000000,3840,516,synth,12,13,208,62,89,-1
note-on,4000800000000000,3960,526,midi,1,2,213,53,89,-1
note-on,4000800000000000,3960,534,midi,2,3,217,50,89,-1
note-on,4000800000000000,3960,546,midi,13,6,223,50,89,-1
note-on,4000800000000000,3960,554,midi,13,6,227,53,89,-1
note-on,4000800000000000,3960,562,midi,13,6,231,58,89,-1
note-on,4000800000000000,3960,530,midi,1,10,215,53,89,-1
note-on,4000800000000000,3960,538,midi,2,11,219,50,89,-1
note-on,4000800000000000,3960,542,midi,13,14,221,50,89,-1
note-on,4000800000000000,3960,550,midi,13,14,225,53,89,-1
note-on,4000800000000000,3960,558,midi,13,14,229,58,89,-1
note-on,4000800000000000,3960,524,synth,1,2,212,53,89,-1
note-on,4000800000000000,3960,532,synth,2,3,216,50,89,-1
note-on,4000800000000000,3960,544,synth,13,6,222,50,89,-1
note-on,4000800000000000,3960,552,synth,13,6,226,53,89,-1
note-on,4000800000000000,3960,560,synth,13,6,230,58,89,-1
note-on,4000800000000000,3960,528,synth,1,10,214,53,89,-1
note-on,4000800000000000,3960,536,synth,2,11,218,50,89,-1
note-on,4000800000000000,3960,540,synth,13,14,220,50,89,-1
note-on,4000800000000000,3960,548,synth,13,14,224,53,89,-1
note-on,4000800000000000,3960,556,synth,13,14,228,58,89,-1
note-off,4000c00000000000,4020,511,midi,4,5,205,70,0,-1
note-off,4000c00000000000,4020,515,midi,4,13,207,70,0,-1
note-off,4000c00000000000,4020,509,synth,4,5,204,70,0,-1
note-off,4000c00000000000,4020,513,synth,4,13,206,70,0,-1
note-off,4001640000000000,4230,527,midi,1,2,213,53,0,-1
note-off,4001640000000000,4230,531,midi,1,10,215,53,0,-1
note-off,4001640000000000,4230,525,synth,1,2,212,53,0,-1
note-off,4001640000000000,4230,529,synth,1,10,214,53,0,-1
note-on,4001800000000000,4200,570,midi,15,8,235,60,89,-1
note-on,4001800000000000,4200,566,midi,15,16,233,60,89,-1
note-on,4001800000000000,4200,568,synth,15,8,234,60,89,-1
note-on,4001800000000000,4200,564,synth,15,16,232,60,89,-1
note-on,4002000000000000,4320,578,midi,10,3,239,55,69,-1
note-on,4002000000000000,4320,574,midi,10,11,237,55,69,-1
note-on,4002000000000000,4320,576,synth,10,3,238,55,69,-1
note-on,4002000000000000,4320,572,synth,10,11,236,55,69,-1
note-on,4002800000000000,4440,586,midi,8,1,243,65,110,-1
note-on,4002800000000000,4440,582,midi,8,9,241,65,110,-1
note-on,4002800000000000,4440,584,synth,8,1,242,65,110,-1
note-on,4002800000000000,4440,580,synth,8,9,240,65,110,-1
note-off,4003000000000000,4560,587,midi,8,1,243,65,0,-1
note-off,4003000000000000,4560,523,midi,12,5,211,62,0,-1
note-off,4003000000000000,4560,583,midi,8,9,241,65,0,-1
note-off,4003000000000000,4560,519,midi,12,13,209,62,0,-1
note-off,4003000000000000,4560,585,synth,8,1,242,65,0,-1
note-off,4003000000000000,4560,521,synth,12,5,210,62,0,-1
note-off,4003000000000000,4560,581,synth,8,9,240,65,0,-1
note-off,4003000000000000,4560,517,synth,12,13,208,62,0,-1
note-on,4003000000000000,4560,594,midi,14,7,247,65,89,-1
note-on,4003000000000000,4560,602,midi,14,7,251,60,89,-1
note-on,4003000000000000,4560,610,midi,14,7,255,67,89,-1
note-on,4003000000000000,4560,590,midi,14,15,245,65,89,-1
note-on,4003000000000000,4560,598,midi,14,15,249,60,89,-1
note-on,4003000000000000,4560,606,midi,14,15,253,67,89,-1
note-on,4003000000000000,4560,592,synth,14,7,246,65,89,-1
note-on,4003000000000000,4560,600,synth,14,7,250,60,89,-1
note-on,4003000000000000,4560,608,synth,14,7,254,67,89,-1
note-on,4003000000000000,4560,588,synth,14,15,244,65,89,-1
note-on,4003000000000000,4560,596,synth,14,15,248,60,89,-1
note-on,4003000000000000,4560,604,synth,14,15,252,67,89,-1
note-off,4003800000000000,4680,579,midi,10,3,239,55,0,-1
note-off,4003800000000000,4680,575,midi,10,11,237,55,0,-1
note-off,4003800000000000,4680,577,synth,10,3,238,55,0,-1
note-off,4003800000000000,4680,573,synth,10,11,236,55,0,-1
note-on,4003800000000000,4680,618,midi,8,1,259,55,89,-1
note-on,4003800000000000,4680,614,midi,8,9,257,55,89,-1
note-on,4003800000000000,4680,616,synth,8,1,258,55,89,-1
note-on,4003800000000000,4680,612,synth,8,9,256,55,89,-1
note-off,4003c00000000000,4740,619,midi,8,1,259,55,0,-1
note-off,4003c00000000000,4740,615,midi,8,9,257,55,0,-1
note-off,4003c00000000000,4740,617,synth,8,1,258,55,0,-1
note-off,4003c00000000000,4740,613,synth,8,9,256,55,0,-1
note-off,4004000000000000,4800,595,midi,14,7,247,65,0,-1
note-off,4004000000000000,4800,591,midi,14,15,245,65,0,-1
note-off,4004000000000000,4800,593,synth,14,7,246,65,0,-1
note-off,4004000000000000,4800,589,synth,14,15,244,65,0,-1
note-off,4004800000000000,4920,623,midi,2,3,197,58,0,-1
note-off,4004800000000000,4920,629,midi,2,11,199,58,0,-1
note-off,4004800000000000,4920,620,synth,2,3,196,58,0,-1
note-off,4004800000000000,4920,626,synth,2,11,198,58,0,-1
note-on,4004800000000000,4920,654,midi,8,1,275,58,89,-1
note-on,4004800000000000,4920,624,midi,2,3,261,58,89,-1
note-on,4004800000000000,4920,634,midi,2,3,265,53,89,-1
note-on,4004800000000000,4920,642,midi,2,3,269,60,89,-1
note-on,4004800000000000,4920,650,midi,8,9,273,58,89,-1
note-on,4004800000000000,4920,630,midi,2,11,263,58,89,-1
note-on,4004800000000000,4920,638,midi,2,11,267,53,89,-1
note-on,4004800000000000,4920,646,midi,2,11,271,60,89,-1
note-on,4004800000000000,4920,652,synth,8,1,274,58,89,-1
note-on,4004800000000000,4920,621,synth,2,3,260,58,89,-1
note-on,4004800000000000,4920,632,synth,2,3,264,53,89,-1
note-on,4004800000000000,4920,640,synth,2,3,268,60,89,-1
note-on,4004800000000000,4920,648,synth,8,9,272,58,89,-1
note-on,4004800000000000,4920,627,synth,2,11,262,58,89,-1
note-on,4004800000000000,4920,636,synth,2,11,266,53,89,-1
note-on,4004800000000000,4920,644,synth,2,11,270,60,89,-1
note-off,4005000000000000,5040,665,midi,10,3,265,53,0,-1
note-off,4005000000000000,5040,659,midi,10,11,267,53,0,-1
note-off,4005000000000000,5040,662,synth,10,3,264,53,0,-1
note-off,4005000000000000,5040,656,synth,10,11,266,53,0,-1
note-on,4005000000000000,5040,666,midi,10,3,279,53,89,-1
note-on,4005000000000000,5040,674,midi,14,7,283,55,48,-1
note-on,4005000000000000,5040,660,midi,10,11,277,53,89,-1
note-on,4005000000000000,5040,670,midi,14,15,281,55,48,-1
note-on,4005000000000000,5040,663,synth,10,3,278,53,89,-1
note-on,4005000000000000,5040,672,synth,14,7,282,55,48,-1
note-on,4005000000000000,5040,657,synth,10,11,276,53,89,-1
note-on,4005000000000000,5040,668,synth,14,15,280,55,48,-1
note-off,4005200000000000,5070,655,midi,8,1,275,58,0,-1
note-off,4005200000000000,5070,651,midi,8,9,273,58,0,-1
note-off,4005200000000000,5070,653,synth,8,1,274,58,0,-1
note-off,4005200000000000,5070,649,synth,8,9,272,58,0,-1
note-on,4005400000000000,5400,678,midi,1,2,285,55,48,-1
note-on,4005400000000000,5400,682,midi,1,10,287,55,48,-1
note-on,4005400000000000,5400,676,synth,1,2,284,55,48,-1
note-on,4005400000000000,5400,680,synth,1,10,286,55,48,-1
note-off,4005c00000000000,5220,675,midi,14,7,283,55,0,-1
note-off,4005c00000000000,5220,671,midi,14,15,281,55,0,-1
note-off,4005c00000000000,5220,673,synth,14,7,282,55,0,-1
note-off,4005c00000000000,5220,669,synth,14,15,280,55,0,-1
note-off,4006000000000000,5280,643,midi,2,3,269,60,0,-1
note-off,4006000000000000,5280,647,midi,2,11,271,60,0,-1
note-off,4006000000000000,5280,641,synth,2,3,268,60,0,-1
note-off,4006000000000000,5280,645,synth,2,11,270,60,0,-1
note-on,4006000000000000,5280,686,midi,0,1,289,60,48,-1
note-on,4006000000000000,5280,690,midi,0,9,291,60,48,-1
note-on,4006000000000000,5280,684,synth,0,1,288,60,48,-1
note-on,4006000000000000,5280,688,synth,0,9,290,60,48,-1
note-on,4006800000000000,5400,694,midi,2,3,293,48,89,-1
note-on,4006800000000000,5400,698,midi,2,11,295,48,89,-1
note-on,4006800000000000,5400,692,synth,2,3,292,48,89,-1
note-on,4006800000000000,5400,696,synth,2,11,294,48,89,-1
note-off,4007000000000000,5520,709,midi,14,7,255,67,0,-1
note-off,4007000000000000,5520,703,midi,14,15,253,67,0,-1
note-off,4007000000000000,5520,706,synth,14,7,254,67,0,-1
note-off,4007000000000000,5520,700,synth,14,15,252,67,0,-1
note-on,4007000000000000,5520,710,midi,14,7,299,67,69,-1
note-on,4007000000000000,5520,704,midi,14,15,297,67,69,-1
note-on,4007000000000000,5520,707,synth,14,7,298,67,69,-1
note-on,4007000000000000,5520,701,synth,14,15,296,67,69,-1
note-off,4007400000000000,5580,695,midi,2,3,293,48,0,-1
note-off,4007400000000000,5580,699,midi,2,11,295,48,0,-1
note-off,4007400000000000,5580,693,synth,2,3,292,48,0,-1
note-off,4007400000000000,5580,697,synth,2,11,294,48,0,-1
note-on,4007e00000000000,5880,718,midi,11,4,303,50,89,-1
note-on,4007e00000000000,5880,714,midi,11,12,301,50,89,-1
note-on,4007e00000000000,5880,716,synth,11,4,302,50,89,-1
note-on,4007e00000000000,5880,712,synth,11,12,300,50,89,-1
note-on,4008000000000000,5760,726,midi,12,5,307,65,69,-1
note-on,4008000000000000,5760,722,midi,12,13,305,65,69,-1
note-on,4008000000000000,5760,724,synth,12,5,306,65,69,-1
note-on,4008000000000000,5760,720,synth,12,13,304,65,69,-1
note-off,4008800000000000,5880,739,midi,5,6,227,53,0,-1
note-off,4008800000000000,5880,751,midi,5,6,231,58,0,-1
note-off,4008800000000000,5880,769,midi,13,6,223,50,0,-1
note-off,4008800000000000,5880,789,midi,14,7,251,60,0,-1
note-off,4008800000000000,5880,801,midi,14,7,299,67,0,-1
note-off,4008800000000000,5880,745,midi,5,14,225,53,0,-1
note-off,4008800000000000,5880,757,midi,5,14,229,58,0,-1
note-off,4008800000000000,5880,763,midi,13,14,221,50,0,-1
note-off,4008800000000000,5880,783,midi,14,15,249,60,0,-1
note-off,4008800000000000,5880,795,midi,14,15,297,67,0,-1
note-off,4008800000000000,5880,736,synth,5,6,226,53,0,-1
note-off,4008800000000000,5880,748,synth,5,6,230,58,0,-1
note-off,4008800000000000,5880,766,synth,13,6,222,50,0,-1
note-off,4008800000000000,5880,786,synth,14,7,250,60,0,-1
note-off,4008800000000000,5880,798,synth,14,7,298,67,0,-1
note-off,4008800000000000,5880,742,synth,5,14,224,53,0,-1
note-off,4008800000000000,5880,754,synth,5,14,228,58,0,-1
note-off,4008800000000000,5880,760,synth,13,14,220,50,0,-1
note-off,4008800000000000,5880,780,synth,14,15,248,60,0,-1
note-off,4008800000000000,5880,792,synth,14,15,296,67,0,-1
note-on,4008800000000000,5880,730,midi,5,6,309,55,89,-1
note-on,4008800000000000,5880,740,midi,5,6,313,53,89,-1
note-on,4008800000000000,5880,752,midi,5,6,317,58,89,-1
note-on,4008800000000000,5880,770,midi,13,6,323,50,69,-1
note-on,4008800000000000,5880,778,midi,14,7,327,58,89,-1
note-on,4008800000000000,5880,790,midi,14,7,331,60,89,-1
note-on,4008800000000000,5880,802,midi,14,7,335,67,89,-1
note-on,4008800000000000,5880,734,midi,5,14,311,55,89,-1
note-on,4008800000000000,5880,746,midi,5,14,315,53,89,-1
note-on,4008800000000000,5880,758,midi,5,14,319,58,89,-1
note-on,4008800000000000,5880,764,midi,13,14,321,50,69,-1
note-on,4008800000000000,5880,774,midi,14,15,325,58,89,-1
note-on,4008800000000000,5880,784,midi,14,15,329,60,89,-1
note-on,4008800000000000,5880,796,midi,14,15,333,67,89,-1
note-on,4008800000000000,5880,728,synth,5,6,308,55,89,-1
note-on,4008800000000000,5880,737,synth,5,6,312,53,89,-1
note-on,4008800000000000,5880,749,synth,5,6,316,58,89,-1
note-on,4008800000000000,5880,767,synth,13,6,322,50,69,-1
note-on,4008800000000000,5880,776,synth,14,7,326,58,89,-1
note-on,4008800000000000,5880,787,synth,14,7,330,60,89,-1
note-on,4008800000000000,5880,799,synth,14,7,334,67,89,-1
note-on,4008800000000000,5880,732,synth,5,14,310,55,89,-1
note-on,4008800000000000,5880,743,synth,5,14,314,53,89,-1
note-on,4008800000000000,5880,755,synth,5,14,318,58,89,-1
note-on,4008800000000000,5880,761,synth,13,14,320,50,69,-1
note-on,4008800000000000,5880,772,synth,14,15,324,58,89,-1
note-on,4008800000000000,5880,781,synth,14,15,328,60,89,-1
note-on,4008800000000000,5880,793,synth,14,15,332,67,89,-1
note-off,4009800000000000,6120,807,midi,2,3,217,50,0,-1
note-off,4009800000000000,6120,727,midi,12,5,307,65,0,-1
note-off,4009800000000000,6120,779,midi,14,7,327,58,0,-1
note-off,4009800000000000,6120,813,midi,2,11,219,50,0,-1
note-off,4009800000000000,6120,723,midi,12,13,305,65,0,-1
note-off,4009800000000000,6120,775,midi,14,15,325,58,0,-1
note-off,4009800000000000,6120,804,synth,2,3,216,50,0,-1
note-off,4009800000000000,6120,725,synth,12,5,306,65,0,-1
note-off,4009800000000000,6120,777,synth,14,7,326,58,0,-1
note-off,4009800000000000,6120,810,synth,2,11,218,50,0,-1
note-off,4009800000000000,6120,721,synth,12,13,304,65,0,-1
note-off,4009800000000000,6120,773,synth,14,15,324,58,0,-1
note-on,4009800000000000,6120,808,midi,2,3,337,50,89,-1
note-on,4009800000000000,6120,818,midi,3,4,341,65,89,-1
note-on,4009800000000000,6120,814,midi,2,11,339,50,89,-1
note-on,4009800000000000,6120,822,midi,3,12,343,65,89,-1
note-on,4009800000000000,6120,805,synth,2,3,336,50,89,-1
note-on,4009800000000000,6120,816,synth,3,4,340,65,89,-1
note-on,4009800000000000,6120,811,synth,2,11,338,50,89,-1
note-on,4009800000000000,6120,820,synth,3,12,342,65,89,-1
note-off,4009e00000000000,6210,809,midi,2,3,337,50,0,-1
note-off,4009e00000000000,6210,815,midi,2,11,339,50,0,-1
note-off,4009e00000000000,6210,806,synth,2,3,336,50,0,-1
note-off,4009e00000000000,6210,812,synth,2,11,338,50,0,-1
note-off,4009fc0000000000,6480,719,midi,11,4,303,50,0,-1
note-off,4009fc0000000000,6480,715,midi,11,12,301,50,0,-1
note-off,4009fc0000000000,6480,717,synth,11,4,302,50,0,-1
note-off,4009fc0000000000,6480,713,synth,11,12,300,50,0,-1
note-on,400a000000000000,6240,826,midi,0,1,345,62,89,-1
note-on,400a000000000000,6240,830,midi,0,9,347,62,89,-1
note-on,400a000000000000,6240,824,synth,0,1,344,62,89,-1
note-on,400a000000000000,6240,828,synth,0,9,346,62,89,-1
note-off,400a19999999999a,6264,819,midi,3,4,341,65,0,-1
note-off,400a19999999999a,6264,823,midi,3,12,343,65,0,-1
note-off,400a19999999999a,6264,817,synth,3,4,340,65,0,-1
note-off,400a19999999999a,6264,821,synth,3,12,342,65,0,-1
note-off,400b000000000000,6480,835,midi,2,3,261,58,0,-1
note-off,400b000000000000,6480,841,midi,2,11,263,58,0,-1
note-off,400b000000000000,6480,832,synth,2,3,260,58,0,-1
note-off,400b000000000000,6480,838,synth,2,11,262,58,0,-1
note-on,400b000000000000,6480,836,midi,2,3,349,58,89,-1
note-on,400b000000000000,6480,842,midi,2,11,351,58,89,-1
note-on,400b000000000000,6480,833,synth,2,3,348,58,89,-1
note-on,400b000000000000,6480,839,synth,2,11,350,58,89,-1
note-off,400b400000000000,6840,679,midi,1,2,285,55,0,-1
note-off,400b400000000000,6840,683,midi,1,10,287,55,0,-1
note-off,400b400000000000,6840,677,synth,1,2,284,55,0,-1
note-off,400b400000000000,6840,681,synth,1,10,286,55,0,-1
note-off,400b800000000000,6600,853,midi,14,7,335,67,0,-1
note-off,400b800000000000,6600,571,midi,15,8,235,60,0,-1
note-off,400b800000000000,6600,847,midi,14,15,333,67,0,-1
note-off,400b800000000000,6600,567,midi,15,16,233,60,0,-1
note-off,400b800000000000,6600,850,synth,14,7,334,67,0,-1
note-off,400b800000000000,6600,569,synth,15,8,234,60,0,-1
note-off,400b800000000000,6600,844,synth,14,15,332,67,0,-1
note-off,400b800000000000,6600,565,synth,15,16,232,60,0,-1
note-on,400b800000000000,6600,854,midi,14,7,355,67,89,-1
note-on,400b800000000000,6600,848,midi,14,15,353,67,89,-1
note-on,400b800000000000,6600,851,synth,14,7,354,67,89,-1
note-on,400b800000000000,6600,845,synth,14,15,352,67,89,-1
note-off,400b8f5c28f5c28f,6614,855,midi,14,7,355,67,0,-1
note-off,400b8f5c28f5c28f,6614,849,midi,14,15,353,67,0,-1
note-off,400b8f5c28f5c28f,6614,852,synth,14,7,354,67,0,-1
note-off,400b8f5c28f5c28f,6614,846,synth,14,15,352,67,0,-1
note-off,400c800000000000,6840,865,midi,14,7,331,60,0,-1
note-off,400c800000000000,6840,859,midi,14,15,329,60,0,-1
note-off,400c800000000000,6840,862,synth,14,7,330,60,0,-1
note-off,400c800000000000,6840,856,synth,14,15,328,60,0,-1
note-on,400c800000000000,6840,866,midi,14,7,359,60,89,-1
note-on,400c800000000000,6840,860,midi,14,15,357,60,89,-1
note-on,400c800000000000,6840,863,synth,14,7,358,60,89,-1
note-on,400c800000000000,6840,857,synth,14,15,356,60,89,-1
note-on,400d000000000000,6960,870,midi,4,5,361,72,89,-1
note-on,400d000000000000,6960,874,midi,4,13,363,72,89,-1
note-on,400d000000000000,6960,868,synth,4,5,360,72,89,-1
note-on,400d000000000000,6960,872,synth,4,13,362,72,89,-1
note-off,400d800000000000,7080,837,midi,2,3,349,58,0,-1
note-off,400d800000000000,7080,843,midi,2,11,351,58,0,-1
note-off,400d800000000000,7080,834,synth,2,3,348,58,0,-1
note-off,400d800000000000,7080,840,synth,2,11,350,58,0,-1
note-off,400da80000000000,7230,731,midi,5,6,309,55,0,-1
note-off,400da80000000000,7230,741,midi,5,6,313,53,0,-1
note-off,400da80000000000,7230,753,midi,5,6,317,58,0,-1
note-off,400da80000000000,7230,735,midi,5,14,311,55,0,-1
note-off,400da80000000000,7230,747,midi,5,14,315,53,0,-1
note-off,400da80000000000,7230,759,midi,5,14,319,58,0,-1
note-off,400da80000000000,7230,729,synth,5,6,308,55,0,-1
note-off,400da80000000000,7230,738,synth,5,6,312,53,0,-1
note-off,400da80000000000,7230,750,synth,5,6,316,58,0,-1
note-off,400da80000000000,7230,733,synth,5,14,310,55,0,-1
note-off,400da80000000000,7230,744,synth,5,14,314,53,0,-1
note-off,400da80000000000,7230,756,synth,5,14,318,58,0,-1
note-off,400dc00000000000,7140,871,midi,4,5,361,72,0,-1
note-off,400dc00000000000,7140,867,midi,14,7,359,60,0,-1
note-off,400dc00000000000,7140,875,midi,4,13,363,72,0,-1
note-off,400dc00000000000,7140,861,midi,14,15,357,60,0,-1
note-off,400dc00000000000,7140,869,synth,4,5,360,72,0,-1
note-off,400dc00000000000,7140,864,synth,14,7,358,60,0,-1
note-off,400dc00000000000,7140,873,synth,4,13,362,72,0,-1
note-off,400dc00000000000,7140,858,synth,14,15,356,60,0,-1
note-off,400e000000000000,7200,879,midi,0,1,289,60,0,-1
note-off,400e000000000000,7200,885,midi,0,9,291,60,0,-1
note-off,400e000000000000,7200,876,synth,0,1,288,60,0,-1
note-off,400e000000000000,7200,882,synth,0,9,290,60,0,-1
note-on,400e000000000000,7200,880,midi,0,1,365,60,69,-1
note-on,400e000000000000,7200,886,midi,0,9,367,60,69,-1
note-on,400e000000000000,7200,877,synth,0,1,364,60,69,-1
note-on,400e000000000000,7200,883,synth,0,9,366,60,69,-1
note-on,400e400000000000,7560,894,midi,11,4,371,62,69,-1
note-on,400e400000000000,7560,890,midi,11,12,369,62,69,-1
note-on,400e400000000000,7560,892,synth,11,4,370,62,69,-1
note-on,400e400000000000,7560,888,synth,11,12,368,62,69,-1
note-off,400e800000000000,7320,905,midi,8,1,365,60,0,-1
note-off,400e800000000000,7320,899,midi,8,9,367,60,0,-1
note-off,400e800000000000,7320,902,synth,8,1,364,60,0,-1
note-off,400e800000000000,7320,896,synth,8,9,366,60,0,-1
note-on,400e800000000000,7320,906,midi,8,1,375,60,110,-1
note-on,400e800000000000,7320,900,midi,8,9,373,60,110,-1
note-on,400e800000000000,7320,903,synth,8,1,374,60,110,-1
note-on,400e800000000000,7320,897,synth,8,9,372,60,110,-1
note-off,400f000000000000,7440,907,midi,8,1,375,60,0,-1
note-off,400f000000000000,7440,917,midi,10,3,279,53,0,-1
note-off,400f000000000000,7440,901,midi,8,9,373,60,0,-1
note-off,400f000000000000,7440,911,midi,10,11,277,53,0,-1
note-off,400f000000000000,7440,904,synth,8,1,374,60,0,-1
note-off,400f000000000000,7440,914,synth,10,3,278,53,0,-1
note-off,400f000000000000,7440,898,synth,8,9,372,60,0,-1
note-off,400f000000000000,7440,908,synth,10,11,276,53,0,-1
note-on,400f000000000000,7440,918,midi,10,3,379,53,69,-1
note-on,400f000000000000,7440,912,midi,10,11,377,53,69,-1
note-on,400f000000000000,7440,915,synth,10,3,378,53,69,-1
note-on,400f000000000000,7440,909,synth,10,11,376,53,69,-1
note-off,400f600000000000,7680,771,midi,13,6,323,50,0,-1
note-off,400f600000000000,7680,765,midi,13,14,321,50,0,-1
note-off,400f600000000000,7680,768,synth,13,6,322,50,0,-1
note-off,400f600000000000,7680,762,synth,13,14,320,50,0,-1
note-off,400f800000000000,7560,929,midi,8,1,345,62,0,-1
note-off,400f800000000000,7560,923,midi,8,9,347,62,0,-1
note-off,400f800000000000,7560,926,synth,8,1,344,62,0,-1
note-off,400f800000000000,7560,920,synth,8,9,346,62,0,-1
note-on,400f800000000000,7560,930,midi,8,1,383,62,89,-1
note-on,400f800000000000,7560,924,midi,8,9,381,62,89,-1
note-on,400f800000000000,7560,927,synth,8,1,382,62,89,-1
note-on,400f800000000000,7560,921,synth,8,9,380,62,89,-1
note-off,400f87ae147ae148,7567,931,midi,8,1,383,62,0,-1
note-off,400f87ae147ae148,7567,925,midi,8,9,381,62,0,-1
note-off,400f87ae147ae148,7567,928,synth,8,1,382,62,0,-1
note-off,400f87ae147ae148,7567,922,synth,8,9,380,62,0,-1
# window 1 drained, 8 pending
note-on,4010400000000000,7800,938,midi,8,1,387,65,48,-1
note-on,4010400000000000,7800,934,midi,8,9,385,65,48,-1
note-on,4010400000000000,7800,936,synth,8,1,386,65,48,-1
note-on,4010400000000000,7800,932,synth,8,9,384,65,48,-1
note-on,4010800000000000,7920,942,midi,2,3,389,60,89,-1
note-on,4010800000000000,7920,950,midi,4,5,393,62,69,-1
note-on,4010800000000000,7920,958,midi,6,7,397,58,69,-1
note-on,4010800000000000,7920,966,midi,6,7,401,53,69,-1
note-on,4010800000000000,7920,974,midi,6,7,405,60,69,-1
note-on,4010800000000000,7920,946,midi,2,11,391,60,89,-1
note-on,4010800000000000,7920,954,midi,4,13,395,62,69,-1
note-on,4010800000000000,7920,962,midi,6,15,399,58,69,-1
note-on,4010800000000000,7920,970,midi,6,15,403,53,69,-1
note-on,4010800000000000,7920,978,midi,6,15,407,60,69,-1
note-on,4010800000000000,7920,940,synth,2,3,388,60,89,-1
note-on,4010800000000000,7920,948,synth,4,5,392,62,69,-1
note-on,4010800000000000,7920,956,synth,6,7,396,58,69,-1
note-on,4010800000000000,7920,964,synth,6,7,400,53,69,-1
note-on,4010800000000000,7920,972,synth,6,7,404,60,69,-1
note-on,4010800000000000,7920,944,synth,2,11,390,60,89,-1
note-on,4010800000000000,7920,952,synth,4,13,394,62,69,-1
note-on,4010800000000000,7920,960,synth,6,15,398,58,69,-1
note-on,4010800000000000,7920,968,synth,6,15,402,53,69,-1
note-on,4010800000000000,7920,976,synth,6,15,406,60,69,-1
note-off,4010b00000000000,8010,951,midi,4,5,393,62,0,-1
note-off,4010b00000000000,8010,955,midi,4,13,395,62,0,-1
note-off,4010b00000000000,8010,949,synth,4,5,392,62,0,-1
note-off,4010b00000000000,8010,953,synth,4,13,394,62,0,-1
note-off,4010c00000000000,8040,1005,midi,11,4,371,62,0,-1
note-off,4010c00000000000,8040,999,midi,11,12,369,62,0,-1
note-off,4010c00000000000,8040,1002,synth,11,4,370,62,0,-1
note-off,4010c00000000000,8040,996,synth,11,12,368,62,0,-1
note-on,4010c00000000000,8040,986,midi,11,4,411,53,110,-1
note-on,4010c00000000000,8040,994,midi,11,4,415,58,110,-1
note-on,4010c00000000000,8040,1006,midi,11,4,419,62,110,-1
note-on,4010c00000000000,8040,1014,midi,14,7,423,65,89,-1
note-on,4010c00000000000,8040,982,midi,11,12,409,53,110,-1
note-on,4010c00000000000,8040,990,midi,11,12,413,58,110,-1
note-on,4010c00000000000,8040,1000,midi,11,12,417,62,110,-1
note-on,4010c00000000000,8040,1010,midi,14,15,421,65,89,-1
note-on,4010c00000000000,8040,984,synth,11,4,410,53,110,-1
note-on,4010c00000000000,8040,992,synth,11,4,414,58,110,-1
note-on,4010c00000000000,8040,1003,synth,11,4,418,62,110,-1
note-on,4010c00000000000,8040,1012,synth,14,7,422,65,89,-1
note-on,4010c00000000000,8040,980,synth,11,12,408,53,110,-1
note-on,4010c00000000000,8040,988,synth,11,12,412,58,110,-1
note-on,4010c00000000000,8040,997,synth,11,12,416,62,110,-1
note-on,4010c00000000000,8040,1008,synth,14,15,420,65,89,-1
note-on,4010d55555555555,8280,1018,midi,5,6,425,60,110,-1
note-on,4010d55555555555,8280,1022,midi,5,14,427,60,110,-1
note-on,4010d55555555555,8280,1016,synth,5,6,424,60,110,-1
note-on,4010d55555555555,8280,1020,synth,5,14,426,60,110,-1
note-off,4011000000000000,8160,1027,midi,2,3,379,53,0,-1
note-off,4011000000000000,8160,1033,midi,2,11,377,53,0,-1
note-off,4011000000000000,8160,1024,synth,2,3,378,53,0,-1
note-off,4011000000000000,8160,1030,synth,2,11,376,53,0,-1
note-on,4011000000000000,8160,1028,midi,2,3,429,53,89,-1
note-on,4011000000000000,8160,1042,midi,10,3,435,55,89,-1
note-on,4011000000000000,8160,1034,midi,2,11,431,53,89,-1
note-on,4011000000000000,8160,1038,midi,10,11,433,55,89,-1
note-on,4011000000000000,8160,1025,synth,2,3,428,53,89,-1
note-on,4011000000000000,8160,1040,synth,10,3,434,55,89,-1
note-on,4011000000000000,8160,1031,synth,2,11,430,53,89,-1
note-on,4011000000000000,8160,1036,synth,10,11,432,55,89,-1
note-off,40110f5c28f5c28f,8189,1043,midi,10,3,435,55,0,-1
note-off,40110f5c28f5c28f,8189,1039,midi,10,11,433,55,0,-1
note-off,40110f5c28f5c28f,8189,1041,synth,10,3,434,55,0,-1
note-off,40110f5c28f5c28f,8189,1037,synth,10,11,432,55,0,-1
note-off,4011400000000000,8280,1053,midi,8,1,387,65,0,-1
note-off,4011400000000000,8280,1047,midi,8,9,385,65,0,-1
note-off,4011400000000000,8280,1050,synth,8,1,386,65,0,-1
note-off,4011400000000000,8280,1044,synth,8,9,384,65,0,-1
note-on,4011400000000000,8280,1054,midi,8,1,439,65,89,-1
note-on,4011400000000000,8280,1048,midi,8,9,437,65,89,-1
note-on,4011400000000000,8280,1051,synth,8,1,438,65,89,-1
note-on,4011400000000000,8280,1045,synth,8,9,436,65,89,-1
note-off,40117aaaaaaaaaab,8640,987,midi,11,4,411,53,0,-1
note-off,40117aaaaaaaaaab,8640,983,midi,11,12,409,53,0,-1
note-off,40117aaaaaaaaaab,8640,985,synth,11,4,410,53,0,-1
note-off,40117aaaaaaaaaab,8640,981,synth,11,12,408,53,0,-1
note-off,4011815555555555,8640,1019,midi,5,6,425,60,0,-1
note-off,4011815555555555,8640,1023,midi,5,14,427,60,0,-1
note-off,4011815555555555,8640,1017,synth,5,6,424,60,0,-1
note-off,4011815555555555,8640,1021,synth,5,14,426,60,0,-1
note-off,4011c00000000000,8520,1067,midi,2,3,429,53,0,-1
note-off,4011c00000000000,8520,1079,midi,2,3,389,60,0,-1
note-off,4011c00000000000,8520,1015,midi,14,7,423,65,0,-1
note-off,4011c00000000000,8520,1097,midi,14,7,405,60,0,-1
note-off,4011c00000000000,8520,1073,midi,2,11,431,53,0,-1
note-off,4011c00000000000,8520,1085,midi,2,11,391,60,0,-1
note-off,4011c00000000000,8520,1011,midi,14,15,421,65,0,-1
note-off,4011c00000000000,8520,1091,midi,14,15,407,60,0,-1
note-off,4011c00000000000,8520,1064,synth,2,3,428,53,0,-1
note-off,4011c00000000000,8520,1076,synth,2,3,388,60,0,-1
note-off,4011c00000000000,8520,1013,synth,14,7,422,65,0,-1
note-off,4011c00000000000,8520,1094,synth,14,7,404,60,0,-1
note-off,4011c00000000000,8520,1070,synth,2,11,430,53,0,-1
note-off,4011c00000000000,8520,1082,synth,2,11,390,60,0,-1
note-off,4011c00000000000,8520,1009,synth,14,15,420,65,0,-1
note-off,4011c00000000000,8520,1088,synth,14,15,406,60,0,-1
note-on,4011c00000000000,8520,1058,midi,2,3,441,50,89,-1
note-on,4011c00000000000,8520,1068,midi,2,3,445,53,89,-1
note-on,4011c00000000000,8520,1080,midi,2,3,449,60,89,-1
note-on,4011c00000000000,8520,1098,midi,14,7,455,60,69,-1
note-on,4011c00000000000,8520,1062,midi,2,11,443,50,89,-1
note-on,4011c00000000000,8520,1074,midi,2,11,447,53,89,-1
note-on,4011c00000000000,8520,1086,midi,2,11,451,60,89,-1
note-on,4011c00000000000,8520,1092,midi,14,15,453,60,69,-1
note-on,4011c00000000000,8520,1056,synth,2,3,440,50,89,-1
note-on,4011c00000000000,8520,1065,synth,2,3,444,53,89,-1
note-on,4011c00000000000,8520,1077,synth,2,3,448,60,89,-1
note-on,4011c00000000000,8520,1095,synth,14,7,454,60,69,-1
note-on,4011c00000000000,8520,1060,synth,2,11,442,50,89,-1
note-on,4011c00000000000,8520,1071,synth,2,11,446,53,89,-1
note-on,4011c00000000000,8520,1083,synth,2,11,450,60,89,-1
note-on,4011c00000000000,8520,1089,synth,14,15,452,60,69,-1
note-off,4012000000000000,8640,967,midi,6,7,401,53,0,-1
note-off,4012000000000000,8640,971,midi,6,15,403,53,0,-1
note-off,4012000000000000,8640,965,synth,6,7,400,53,0,-1
note-off,4012000000000000,8640,969,synth,6,15,402,53,0,-1
note-on,4012400000000000,8760,1106,midi,8,1,459,67,110,-1
note-on,4012400000000000,8760,1102,midi,8,9,457,67,110,-1
note-on,4012400000000000,8760,1104,synth,8,1,458,67,110,-1
note-on,4012400000000000,8760,1100,synth,8,9,456,67,110,-1
note-on,4012800000000000,8880,1110,midi,6,7,461,50,89,-1
note-on,4012800000000000,8880,1114,midi,6,15,463,50,89,-1
note-on,4012800000000000,8880,1108,synth,6,7,460,50,89,-1
note-on,4012800000000000,8880,1112,synth,6,15,462,50,89,-1
note-off,4012c00000000000,9000,1119,midi,2,3,441,50,0,-1
note-off,4012c00000000000,9000,1125,midi,2,11,443,50,0,-1
note-off,4012c00000000000,9000,1116,synth,2,3,440,50,0,-1
note-off,4012c00000000000,9000,1122,synth,2,11,442,50,0,-1
note-on,4012c00000000000,9000,1134,midi,8,1,471,55,89,-1
note-on,4012c00000000000,9000,1120,midi,2,3,465,50,69,-1
note-on,4012c00000000000,9000,1142,midi,14,7,475,67,69,-1
note-on,4012c00000000000,9000,1130,midi,8,9,469,55,89,-1
note-on,4012c00000000000,9000,1126,midi,2,11,467,50,69,-1
note-on,4012c00000000000,9000,1138,midi,14,15,473,67,69,-1
note-on,4012c00000000000,9000,1132,synth,8,1,470,55,89,-1
note-on,4012c00000000000,9000,1117,synth,2,3,464,50,69,-1
note-on,4012c00000000000,9000,1140,synth,14,7,474,67,69,-1
note-on,4012c00000000000,9000,1128,synth,8,9,468,55,89,-1
note-on,4012c00000000000,9000,1123,synth,2,11,466,50,69,-1
note-on,4012c00000000000,9000,1136,synth,14,15,472,67,69,-1
note-off,4013200000000000,9480,1153,midi,11,4,419,62,0,-1
note-off,4013200000000000,9480,1147,midi,11,12,417,62,0,-1
note-off,4013200000000000,9480,1150,synth,11,4,418,62,0,-1
note-off,4013200000000000,9480,1144,synth,11,12,416,62,0,-1
note-on,4013200000000000,9480,1154,midi,11,4,479,62,89,-1
note-on,4013200000000000,9480,1148,midi,11,12,477,62,89,-1
note-on,4013200000000000,9480,1151,synth,11,4,478,62,89,-1
note-on,4013200000000000,9480,1145,synth,11,12,476,62,89,-1
note-on,4013800000000000,9360,1162,midi,14,7,483,55,89,-1
note-on,4013800000000000,9360,1158,midi,14,15,481,55,89,-1
note-on,4013800000000000,9360,1160,synth,14,7,482,55,89,-1
note-on,4013800000000000,9360,1156,synth,14,15,480,55,89,-1
note-off,4013a20000000000,9630,1155,midi,11,4,479,62,0,-1
note-off,4013a20000000000,9630,1149,midi,11,12,477,62,0,-1
note-off,4013a20000000000,9630,1152,synth,11,4,478,62,0,-1
note-off,4013a20000000000,9630,1146,synth,11,12,476,62,0,-1
note-off,4013c00000000000,9480,1173,midi,8,1,439,65,0,-1
note-off,4013c00000000000,9480,1167,midi,8,9,437,65,0,-1
note-off,4013c00000000000,9480,1170,synth,8,1,438,65,0,-1
note-off,4013c00000000000,9480,1164,synth,8,9,436,65,0,-1
note-on,4013c00000000000,9480,1174,midi,8,1,487,65,69,-1
note-on,4013c00000000000,9480,1168,midi,8,9,485,65,69,-1
note-on,4013c00000000000,9480,1171,synth,8,1,486,65,69,-1
note-on,4013c00000000000,9480,1165,synth,8,9,484,65,69,-1
note-off,4013d80000000000,9525,1175,midi,8,1,487,65,0,-1
note-off,4013d80000000000,9525,1169,midi,8,9,485,65,0,-1
note-off,4013d80000000000,9525,1172,synth,8,1,486,65,0,-1
note-off,4013d80000000000,9525,1166,synth,8,9,484,65,0,-1
note-off,4014000000000000,9600,1111,midi,6,7,461,50,0,-1
note-off,4014000000000000,9600,1163,midi,14,7,483,55,0,-1
note-off,4014000000000000,9600,1115,midi,6,15,463,50,0,-1
note-off,4014000000000000,9600,1159,midi,14,15,481,55,0,-1
note-off,4014000000000000,9600,1109,synth,6,7,460,50,0,-1
note-off,4014000000000000,9600,1161,synth,14,7,482,55,0,-1
note-off,4014000000000000,9600,1113,synth,6,15,462,50,0,-1
note-off,4014000000000000,9600,1157,synth,14,15,480,55,0,-1
note-off,4014400000000000,9720,1187,midi,2,3,445,53,0,-1
note-off,4014400000000000,9720,1199,midi,2,3,449,60,0,-1
note-off,4014400000000000,9720,1193,midi,2,11,447,53,0,-1
note-off,4014400000000000,9720,1205,midi,2,11,451,60,0,-1
note-off,4014400000000000,9720,1184,synth,2,3,444,53,0,-1
note-off,4014400000000000,9720,1196,synth,2,3,448,60,0,-1
note-off,4014400000000000,9720,1190,synth,2,11,446,53,0,-1
note-off,4014400000000000,9720,1202,synth,2,11,450,60,0,-1
note-on,4014400000000000,9720,1214,midi,9,2,503,58,89,-1
note-on,4014400000000000,9720,1178,midi,2,3,489,58,48,-1
note-on,4014400000000000,9720,1188,midi,2,3,493,53,48,-1
note-on,4014400000000000,9720,1200,midi,2,3,497,60,48,-1
note-on,4014400000000000,9720,1210,midi,9,10,501,58,89,-1
note-on,4014400000000000,9720,1182,midi,2,11,491,58,48,-1
note-on,4014400000000000,9720,1194,midi,2,11,495,53,48,-1
note-on,4014400000000000,9720,1206,midi,2,11,499,60,48,-1
note-on,4014400000000000,9720,1212,synth,9,2,502,58,89,-1
note-on,4014400000000000,9720,1176,synth,2,3,488,58,48,-1
note-on,4014400000000000,9720,1185,synth,2,3,492,53,48,-1
note-on,4014400000000000,9720,1197,synth,2,3,496,60,48,-1
note-on,4014400000000000,9720,1208,synth,9,10,500,58,89,-1
note-on,4014400000000000,9720,1180,synth,2,11,490,58,48,-1
note-on,4014400000000000,9720,1191,synth,2,11,494,53,48,-1
note-on,4014400000000000,9720,1203,synth,2,11,498,60,48,-1
note-off,4014800000000000,9840,1233,midi,14,7,455,60,0,-1
note-off,4014800000000000,9840,1227,midi,14,15,453,60,0,-1
note-off,4014800000000000,9840,1230,synth,14,7,454,60,0,-1
note-off,4014800000000000,9840,1224,synth,14,15,452,60,0,-1
note-on,4014800000000000,9840,1222,midi,8,1,507,60,89,-1
note-on,4014800000000000,9840,1234,midi,14,7,511,60,89,-1
note-on,4014800000000000,9840,1218,midi,8,9,505,60,89,-1
note-on,4014800000000000,9840,1228,midi,14,15,509,60,89,-1
note-on,4014800000000000,9840,1220,synth,8,1,506,60,89,-1
note-on,4014800000000000,9840,1231,synth,14,7,510,60,89,-1
note-on,4014800000000000,9840,1216,synth,8,9,504,60,89,-1
note-on,4014800000000000,9840,1225,synth,14,15,508,60,89,-1
note-on,40148aaaaaaaaaab,9960,1238,midi,5,6,513,58,89,-1
note-on,40148aaaaaaaaaab,9960,1242,midi,5,14,515,58,89,-1
note-on,40148aaaaaaaaaab,9960,1236,synth,5,6,512,58,89,-1
note-on,40148aaaaaaaaaab,9960,1240,synth,5,14,514,58,89,-1
note-off,4014a00000000000,9900,1179,midi,2,3,489,58,0,-1
note-off,4014a00000000000,9900,1183,midi,2,11,491,58,0,-1
note-off,4014a00000000000,9900,1177,synth,2,3,488,58,0,-1
note-off,4014a00000000000,9900,1181,synth,2,11,490,58,0,-1
note-off,4014c00000000000,9960,1253,midi,11,4,415,58,0,-1
note-off,4014c00000000000,9960,1247,midi,11,12,413,58,0,-1
note-off,4014c00000000000,9960,1250,synth,11,4,414,58,0,-1
note-off,4014c00000000000,9960,1244,synth,11,12,412,58,0,-1
note-on,4014c00000000000,9960,1254,midi,11,4,519,58,89,-1
note-on,4014c00000000000,9960,1248,midi,11,12,517,58,89,-1
note-on,4014c00000000000,9960,1251,synth,11,4,518,58,89,-1
note-on,4014c00000000000,9960,1245,synth,11,12,516,58,89,-1
note-off,4014e00000000000,10020,1223,midi,8,1,507,60,0,-1
note-off,4014e00000000000,10020,1219,midi,8,9,505,60,0,-1
note-off,4014e00000000000,10020,1221,synth,8,1,506,60,0,-1
note-off,4014e00000000000,10020,1217,synth,8,9,504,60,0,-1
note-off,4015000000000000,10080,1259,midi,2,3,497,60,0,-1
note-off,4015000000000000,10080,1265,midi,2,11,499,60,0,-1
note-off,4015000000000000,10080,1256,synth,2,3,496,60,0,-1
note-off,4015000000000000,10080,1262,synth,2,11,498,60,0,-1
note-on,4015000000000000,10080,1260,midi,2,3,521,60,89,-1
note-on,4015000000000000,10080,1266,midi,2,11,523,60,89,-1
note-on,4015000000000000,10080,1257,synth,2,3,520,60,89,-1
note-on,4015000000000000,10080,1263,synth,2,11,522,60,89,-1
note-on,4015200000000000,10440,1270,midi,5,6,525,50,89,-1
note-on,4015200000000000,10440,1274,midi,5,14,527,50,89,-1
note-on,4015200000000000,10440,1268,synth,5,6,524,50,89,-1
note-on,4015200000000000,10440,1272,synth,5,14,526,50,89,-1
note-off,4015400000000000,10200,1285,midi,14,7,475,67,0,-1
note-off,4015400000000000,10200,1279,midi,14,15,473,67,0,-1
note-off,4015400000000000,10200,1282,synth,14,7,474,67,0,-1
note-off,4015400000000000,10200,1276,synth,14,15,472,67,0,-1
note-on,4015400000000000,10200,1286,midi,14,7,531,67,89,-1
note-on,4015400000000000,10200,1280,midi,14,15,529,67,89,-1
note-on,4015400000000000,10200,1283,synth,14,7,530,67,89,-1
note-on,4015400000000000,10200,1277,synth,14,15,528,67,89,-1
note-off,40156aaaaaaaaaab,10680,1313,midi,13,6,513,58,0,-1
note-off,40156aaaaaaaaaab,10680,1307,midi,13,14,515,58,0,-1
note-off,40156aaaaaaaaaab,10680,1310,synth,13,6,512,58,0,-1
note-off,40156aaaaaaaaaab,10680,1304,synth,13,14,514,58,0,-1
note-on,40156aaaaaaaaaab,10680,1294,midi,13,6,535,55,110,-1
note-on,40156aaaaaaaaaab,10680,1302,midi,13,6,539,53,110,-1
note-on,40156aaaaaaaaaab,10680,1314,midi,13,6,543,58,110,-1
note-on,40156aaaaaaaaaab,10680,1290,midi,13,14,533,55,110,-1
note-on,40156aaaaaaaaaab,10680,1298,midi,13,14,537,53,110,-1
note-on,40156aaaaaaaaaab,10680,1308,midi,13,14,541,58,110,-1
note-on,40156aaaaaaaaaab,10680,1292,synth,13,6,534,55,110,-1
note-on,40156aaaaaaaaaab,10680,1300,synth,13,6,538,53,110,-1
note-on,40156aaaaaaaaaab,10680,1311,synth,13,6,542,58,110,-1
note-on,40156aaaaaaaaaab,10680,1288,synth,13,14,532,55,110,-1
note-on,40156aaaaaaaaaab,10680,1296,synth,13,14,536,53,110,-1
note-on,40156aaaaaaaaaab,10680,1305,synth,13,14,540,58,110,-1
note-off,4015800000000000,10320,1325,midi,8,1,459,67,0,-1
note-off,4015800000000000,10320,1319,midi,8,9,457,67,0,-1
note-off,4015800000000000,10320,1322,synth,8,1,458,67,0,-1
note-off,4015800000000000,10320,1316,synth,8,9,456,67,0,-1
note-on,4015800000000000,10320,1326,midi,8,1,547,67,89,-1
note-on,4015800000000000,10320,1320,midi,8,9,545,67,89,-1
note-on,4015800000000000,10320,1323,synth,8,1,546,67,89,-1
note-on,4015800000000000,10320,1317,synth,8,9,544,67,89,-1
note-off,40158f0000000000,10620,1271,midi,5,6,525,50,0,-1
note-off,40158f0000000000,10620,1275,midi,5,14,527,50,0,-1
note-off,40158f0000000000,10620,1269,synth,5,6,524,50,0,-1
note-off,40158f0000000000,10620,1273,synth,5,14,526,50,0,-1
note-off,4015b00000000000,10410,1327,midi,8,1,547,67,0,-1
note-off,4015b00000000000,10410,1321,midi,8,9,545,67,0,-1
note-off,4015b00000000000,10410,1324,synth,8,1,546,67,0,-1
note-off,4015b00000000000,10410,1318,synth,8,9,544,67,0,-1
note-off,4015c00000000000,10440,1337,midi,14,7,397,58,0,-1
note-off,4015c00000000000,10440,1349,midi,14,7,511,60,0,-1
note-off,4015c00000000000,10440,1361,midi,14,7,531,67,0,-1
note-off,4015c00000000000,10440,1331,midi,14,15,399,58,0,-1
note-off,4015c00000000000,10440,1343,midi,14,15,509,60,0,-1
note-off,4015c00000000000,10440,1355,midi,14,15,529,67,0,-1
note-off,4015c00000000000,10440,1334,synth,14,7,396,58,0,-1
note-off,4015c00000000000,10440,1346,synth,14,7,510,60,0,-1
note-off,4015c00000000000,10440,1358,synth,14,7,530,67,0,-1
note-off,4015c00000000000,10440,1328,synth,14,15,398,58,0,-1
note-off,4015c00000000000,10440,1340,synth,14,15,508,60,0,-1
note-off,4015c00000000000,10440,1352,synth,14,15,528,67,0,-1
note-on,4015c00000000000,10440,1338,midi,14,7,551,58,69,-1
note-on,4015c00000000000,10440,1350,midi,14,7,555,60,69,-1
note-on,4015c00000000000,10440,1362,midi,14,7,559,67,69,-1
note-on,4015c00000000000,10440,1332,midi,14,15,549,58,69,-1
note-on,4015c00000000000,10440,1344,midi,14,15,553,60,69,-1
note-on,4015c00000000000,10440,1356,midi,14,15,557,67,69,-1
note-on,4015c00000000000,10440,1335,synth,14,7,550,58,69,-1
note-on,4015c00000000000,10440,1347,synth,14,7,554,60,69,-1
note-on,4015c00000000000,10440,1359,synth,14,7,558,67,69,-1
note-on,4015c00000000000,10440,1329,synth,14,15,548,58,69,-1
note-on,4015c00000000000,10440,1341,synth,14,15,552,60,69,-1
note-on,4015c00000000000,10440,1353,synth,14,15,556,67,69,-1
note-off,4016600000000000,10740,1339,midi,14,7,551,58,0,-1
note-off,4016600000000000,10740,1351,midi,14,7,555,60,0,-1
note-off,4016600000000000,10740,1363,midi,14,7,559,67,0,-1
note-off,4016600000000000,10740,1333,midi,14,15,549,58,0,-1
note-off,4016600000000000,10740,1345,midi,14,15,553,60,0,-1
note-off,4016600000000000,10740,1357,midi,14,15,557,67,0,-1
note-off,4016600000000000,10740,1336,synth,14,7,550,58,0,-1
note-off,4016600000000000,10740,1348,synth,14,7,554,60,0,-1
note-off,4016600000000000,10740,1360,synth,14,7,558,67,0,-1
note-off,4016600000000000,10740,1330,synth,14,15,548,58,0,-1
note-off,4016600000000000,10740,1342,synth,14,15,552,60,0,-1
note-off,4016600000000000,10740,1354,synth,14,15,556,67,0,-1
note-off,4016800000000000,10800,1215,midi,9,2,503,58,0,-1
note-off,4016800000000000,10800,1367,midi,2,3,493,53,0,-1
note-off,4016800000000000,10800,1211,midi,9,10,501,58,0,-1
note-off,4016800000000000,10800,1373,midi,2,11,495,53,0,-1
note-off,4016800000000000,10800,1213,synth,9,2,502,58,0,-1
note-off,4016800000000000,10800,1364,synth,2,3,492,53,0,-1
note-off,4016800000000000,10800,1209,synth,9,10,500,58,0,-1
note-off,4016800000000000,10800,1370,synth,2,11,494,53,0,-1
note-on,4016800000000000,10800,1368,midi,2,3,561,53,89,-1
note-on,4016800000000000,10800,1374,midi,2,11,563,53,89,-1
note-on,4016800000000000,10800,1365,synth,2,3,560,53,89,-1
note-on,4016800000000000,10800,1371,synth,2,11,562,53,89,-1
note-off,4017000000000000,11040,1385,midi,8,1,471,55,0,-1
note-off,4017000000000000,11040,1379,midi,8,9,469,55,0,-1
note-off,4017000000000000,11040,1382,synth,8,1,470,55,0,-1
note-off,4017000000000000,11040,1376,synth,8,9,468,55,0,-1
note-on,4017000000000000,11040,1386,midi,8,1,567,55,110,-1
note-on,4017000000000000,11040,1380,midi,8,9,565,55,110,-1
note-on,4017000000000000,11040,1383,synth,8,1,566,55,110,-1
note-on,4017000000000000,11040,1377,synth,8,9,564,55,110,-1
note-off,4017400000000000,11160,1391,midi,2,3,465,50,0,-1
note-off,4017400000000000,11160,1403,midi,2,3,561,53,0,-1
note-off,4017400000000000,11160,1415,midi,2,3,521,60,0,-1
note-off,4017400000000000,11160,1397,midi,2,11,467,50,0,-1
note-off,4017400000000000,11160,1409,midi,2,11,563,53,0,-1
note-off,4017400000000000,11160,1421,midi,2,11,523,60,0,-1
note-off,4017400000000000,11160,1388,synth,2,3,464,50,0,-1
note-off,4017400000000000,11160,1400,synth,2,3,560,53,0,-1
note-off,4017400000000000,11160,1412,synth,2,3,520,60,0,-1
note-off,4017400000000000,11160,1394,synth,2,11,466,50,0,-1
note-off,4017400000000000,11160,1406,synth,2,11,562,53,0,-1
note-off,4017400000000000,11160,1418,synth,2,11,522,60,0,-1
note-on,4017400000000000,11160,1392,midi,2,3,569,50,89,-1
note-on,4017400000000000,11160,1404,midi,2,3,573,53,89,-1
note-on,4017400000000000,11160,1416,midi,2,3,577,60,89,-1
note-on,4017400000000000,11160,1398,midi,2,11,571,50,89,-1
note-on,4017400000000000,11160,1410,midi,2,11,575,53,89,-1
note-on,4017400000000000,11160,1422,midi,2,11,579,60,89,-1
note-on,4017400000000000,11160,1389,synth,2,3,568,50,89,-1
note-on,4017400000000000,11160,1401,synth,2,3,572,53,89,-1
note-on,4017400000000000,11160,1413,synth,2,3,576,60,89,-1
note-on,4017400000000000,11160,1395,synth,2,11,570,50,89,-1
note-on,4017400000000000,11160,1407,synth,2,11,574,53,89,-1
note-on,4017400000000000,11160,1419,synth,2,11,578,60,89,-1
note-off,40179d5555555555,11460,1255,midi,11,4,519,58,0,-1
note-off,40179d5555555555,11460,1249,midi,11,12,517,58,0,-1
note-off,40179d5555555555,11460,1252,synth,11,4,518,58,0,-1
note-off,40179d5555555555,11460,1246,synth,11,12,516,58,0,-1
note-off,4017c00000000000,11400,1433,midi,8,1,567,55,0,-1
note-off,4017c00000000000,11400,1427,midi,8,9,565,55,0,-1
note-off,4017c00000000000,11400,1430,synth,8,1,566,55,0,-1
note-off,4017c00000000000,11400,1424,synth,8,9,564,55,0,-1
note-on,4017c00000000000,11400,1434,midi,8,1,583,55,89,-1
note-on,4017c00000000000,11400,1428,midi,8,9,581,55,89,-1
note-on,4017c00000000000,11400,1431,synth,8,1,582,55,89,-1
note-on,4017c00000000000,11400,1425,synth,8,9,580,55,89,-1
note-off,4017d00000000000,11430,1393,midi,2,3,569,50,0,-1
note-off,4017d00000000000,11430,1405,midi,2,3,573,53,0,-1
note-off,4017d00000000000,11430,1417,midi,2,3,577,60,0,-1
note-off,4017d00000000000,11430,1399,midi,2,11,571,50,0,-1
note-off,4017d00000000000,11430,1411,midi,2,11,575,53,0,-1
note-off,4017d00000000000,11430,1423,midi,2,11,579,60,0,-1
note-off,4017d00000000000,11430,1390,synth,2,3,568,50,0,-1
note-off,4017d00000000000,11430,1402,synth,2,3,572,53,0,-1
note-off,4017d00000000000,11430,1414,synth,2,3,576,60,0,-1
note-off,4017d00000000000,11430,1396,synth,2,11,570,50,0,-1
note-off,4017d00000000000,11430,1408,synth,2,11,574,53,0,-1
note-off,4017d00000000000,11430,1420,synth,2,11,578,60,0,-1
# window 2 drained, 16 pending
note-on,4018000000000000,11520,1438,midi,2,3,585,50,89,-1
note-on,4018000000000000,11520,1446,midi,4,5,589,70,89,-1
note-on,4018000000000000,11520,1442,midi,2,11,587,50,89,-1
note-on,4018000000000000,11520,1450,midi,4,13,591,70,89,-1
note-on,4018000000000000,11520,1436,synth,2,3,584,50,89,-1
note-on,4018000000000000,11520,1444,synth,4,5,588,70,89,-1
note-on,4018000000000000,11520,1440,synth,2,11,586,50,89,-1
note-on,4018000000000000,11520,1448,synth,4,13,590,70,89,-1
note-off,4018600000000000,11700,1435,midi,8,1,583,55,0,-1
note-off,4018600000000000,11700,1429,midi,8,9,581,55,0,-1
note-off,4018600000000000,11700,1432,synth,8,1,582,55,0,-1
note-off,4018600000000000,11700,1426,synth,8,9,580,55,0,-1
note-off,4019000000000000,12000,1469,midi,10,3,585,50,0,-1
note-off,4019000000000000,12000,1463,midi,10,11,587,50,0,-1
note-off,4019000000000000,12000,1466,synth,10,3,584,50,0,-1
note-off,4019000000000000,12000,1460,synth,10,11,586,50,0,-1
note-on,4019000000000000,12000,1454,midi,2,3,593,60,69,-1
note-on,4019000000000000,12000,1470,midi,10,3,599,50,48,-1
note-on,4019000000000000,12000,1458,midi,2,11,595,60,69,-1
note-on,4019000000000000,12000,1464,midi,10,11,597,50,48,-1
note-on,4019000000000000,12000,1452,synth,2,3,592,60,69,-1
note-on,4019000000000000,12000,1467,synth,10,3,598,50,48,-1
note-on,4019000000000000,12000,1456,synth,2,11,594,60,69,-1
note-on,4019000000000000,12000,1461,synth,10,11,596,50,48,-1
note-on,4019400000000000,12120,1478,midi,14,7,603,67,89,-1
note-on,4019400000000000,12120,1474,midi,14,15,601,67,89,-1
note-on,4019400000000000,12120,1476,synth,14,7,602,67,89,-1
note-on,4019400000000000,12120,1472,synth,14,15,600,67,89,-1
note-on,4019800000000000,12240,1482,midi,4,5,605,67,110,-1
note-on,4019800000000000,12240,1486,midi,4,13,607,67,110,-1
note-on,4019800000000000,12240,1480,synth,4,5,604,67,110,-1
note-on,4019800000000000,12240,1484,synth,4,13,606,67,110,-1
note-off,401a000000000000,12480,1483,midi,4,5,605,67,0,-1
note-off,401a000000000000,12480,1487,midi,4,13,607,67,0,-1
note-off,401a000000000000,12480,1481,synth,4,5,604,67,0,-1
note-off,401a000000000000,12480,1485,synth,4,13,606,67,0,-1
note-on,401a000000000000,12480,1490,midi,2,3,609,58,110,-1
note-on,401a000000000000,12480,1494,midi,2,11,611,58,110,-1
note-on,401a000000000000,12480,1488,synth,2,3,608,58,110,-1
note-on,401a000000000000,12480,1492,synth,2,11,610,58,110,-1
note-off,401a300000000000,12570,1491,midi,2,3,609,58,0,-1
note-off,401a300000000000,12570,1495,midi,2,11,611,58,0,-1
note-off,401a300000000000,12570,1489,synth,2,3,608,58,0,-1
note-off,401a300000000000,12570,1493,synth,2,11,610,58,0,-1
note-on,401a400000000000,12600,1502,midi,8,1,615,67,110,-1
note-on,401a400000000000,12600,1498,midi,8,9,613,67,110,-1
note-on,401a400000000000,12600,1500,synth,8,1,614,67,110,-1
note-on,401a400000000000,12600,1496,synth,8,9,612,67,110,-1
note-on,401a500000000000,13080,1510,midi,11,4,619,50,110,-1
note-on,401a500000000000,13080,1506,midi,11,12,617,50,110,-1
note-on,401a500000000000,13080,1508,synth,11,4,618,50,110,-1
note-on,401a500000000000,13080,1504,synth,11,12,616,50,110,-1
note-off,401a880000000000,12735,1503,midi,8,1,615,67,0,-1
note-off,401a880000000000,12735,1499,midi,8,9,613,67,0,-1
note-off,401a880000000000,12735,1501,synth,8,1,614,67,0,-1
note-off,401a880000000000,12735,1497,synth,8,9,612,67,0,-1
note-on,401aa00000000000,13080,1514,midi,1,2,621,48,89,-1
note-on,401aa00000000000,13080,1522,midi,1,2,625,50,89,-1
note-on,401aa00000000000,13080,1530,midi,1,2,629,55,89,-1
note-on,401aa00000000000,13080,1518,midi,1,10,623,48,89,-1
note-on,401aa00000000000,13080,1526,midi,1,10,627,50,89,-1
note-on,401aa00000000000,13080,1534,midi,1,10,631,55,89,-1
note-on,401aa00000000000,13080,1512,synth,1,2,620,48,89,-1
note-on,401aa00000000000,13080,1520,synth,1,2,624,50,89,-1
note-on,401aa00000000000,13080,1528,synth,1,2,628,55,89,-1
note-on,401aa00000000000,13080,1516,synth,1,10,622,48,89,-1
note-on,401aa00000000000,13080,1524,synth,1,10,626,50,89,-1
note-on,401aa00000000000,13080,1532,synth,1,10,630,55,89,-1
note-off,401ac00000000000,12840,1539,midi,2,3,599,50,0,-1
note-off,401ac00000000000,12840,1545,midi,2,11,597,50,0,-1
note-off,401ac00000000000,12840,1536,synth,2,3,598,50,0,-1
note-off,401ac00000000000,12840,1542,synth,2,11,596,50,0,-1
note-on,401ac00000000000,12840,1540,midi,2,3,633,50,89,-1
note-on,401ac00000000000,12840,1546,midi,2,11,635,50,89,-1
note-on,401ac00000000000,12840,1537,synth,2,3,632,50,89,-1
note-on,401ac00000000000,12840,1543,synth,2,11,634,50,89,-1
note-on,401b000000000000,12960,1554,midi,8,1,639,60,89,-1
note-on,401b000000000000,12960,1562,midi,14,7,643,65,48,-1
note-on,401b000000000000,12960,1550,midi,8,9,637,60,89,-1
note-on,401b000000000000,12960,1558,midi,14,15,641,65,48,-1
note-on,401b000000000000,12960,1552,synth,8,1,638,60,89,-1
note-on,401b000000000000,12960,1560,synth,14,7,642,65,48,-1
note-on,401b000000000000,12960,1548,synth,8,9,636,60,89,-1
note-on,401b000000000000,12960,1556,synth,14,15,640,65,48,-1
note-off,401b540000000000,13380,1511,midi,11,4,619,50,0,-1
note-off,401b540000000000,13380,1507,midi,11,12,617,50,0,-1
note-off,401b540000000000,13380,1509,synth,11,4,618,50,0,-1
note-off,401b540000000000,13380,1505,synth,11,12,616,50,0,-1
note-off,401b740000000000,13440,1515,midi,1,2,621,48,0,-1
note-off,401b740000000000,13440,1523,midi,1,2,625,50,0,-1
note-off,401b740000000000,13440,1531,midi,1,2,629,55,0,-1
note-off,401b740000000000,13440,1519,midi,1,10,623,48,0,-1
note-off,401b740000000000,13440,1527,midi,1,10,627,50,0,-1
note-off,401b740000000000,13440,1535,midi,1,10,631,55,0,-1
note-off,401b740000000000,13440,1513,synth,1,2,620,48,0,-1
note-off,401b740000000000,13440,1521,synth,1,2,624,50,0,-1
note-off,401b740000000000,13440,1529,synth,1,2,628,55,0,-1
note-off,401b740000000000,13440,1517,synth,1,10,622,48,0,-1
note-off,401b740000000000,13440,1525,synth,1,10,626,50,0,-1
note-off,401b740000000000,13440,1533,synth,1,10,630,55,0,-1
note-on,401b800000000000,13200,1570,midi,8,1,647,58,48,-1
note-on,401b800000000000,13200,1566,midi,8,9,645,58,48,-1
note-on,401b800000000000,13200,1568,synth,8,1,646,58,48,-1
note-on,401b800000000000,13200,1564,synth,8,9,644,58,48,-1
note-off,401b980000000000,13245,1571,midi,8,1,647,58,0,-1
note-off,401b980000000000,13245,1567,midi,8,9,645,58,0,-1
note-off,401b980000000000,13245,1569,synth,8,1,646,58,0,-1
note-off,401b980000000000,13245,1565,synth,8,9,644,58,0,-1
note-off,401bc00000000000,13320,1581,midi,14,7,643,65,0,-1
note-off,401bc00000000000,13320,1575,midi,14,15,641,65,0,-1
note-off,401bc00000000000,13320,1578,synth,14,7,642,65,0,-1
note-off,401bc00000000000,13320,1572,synth,14,15,640,65,0,-1
note-on,401bc00000000000,13320,1582,midi,14,7,651,65,89,-1
note-on,401bc00000000000,13320,1576,midi,14,15,649,65,89,-1
note-on,401bc00000000000,13320,1579,synth,14,7,650,65,89,-1
note-on,401bc00000000000,13320,1573,synth,14,15,648,65,89,-1
note-on,401bf00000000000,13560,1590,midi,11,4,655,53,48,-1
note-on,401bf00000000000,13560,1598,midi,11,4,659,58,48,-1
note-on,401bf00000000000,13560,1606,midi,11,4,663,62,48,-1
note-on,401bf00000000000,13560,1586,midi,11,12,653,53,48,-1
note-on,401bf00000000000,13560,1594,midi,11,12,657,58,48,-1
note-on,401bf00000000000,13560,1602,midi,11,12,661,62,48,-1
note-on,401bf00000000000,13560,1588,synth,11,4,654,53,48,-1
note-on,401bf00000000000,13560,1596,synth,11,4,658,58,48,-1
note-on,401bf00000000000,13560,1604,synth,11,4,662,62,48,-1
note-on,401bf00000000000,13560,1584,synth,11,12,652,53,48,-1
note-on,401bf00000000000,13560,1592,synth,11,12,656,58,48,-1
note-on,401bf00000000000,13560,1600,synth,11,12,660,62,48,-1
note-off,401c000000000000,13440,1625,midi,10,3,593,60,0,-1
note-off,401c000000000000,13440,1619,midi,10,11,595,60,0,-1
note-off,401c000000000000,13440,1622,synth,10,3,592,60,0,-1
note-off,401c000000000000,13440,1616,synth,10,11,594,60,0,-1
note-on,401c000000000000,13440,1610,midi,0,1,665,65,69,-1
note-on,401c000000000000,13440,1626,midi,10,3,671,60,110,-1
note-on,401c000000000000,13440,1634,midi,10,3,675,55,110,-1
note-on,401c000000000000,13440,1642,midi,10,3,679,62,110,-1
note-on,401c000000000000,13440,1614,midi,0,9,667,65,69,-1
note-on,401c000000000000,13440,1620,midi,10,11,669,60,110,-1
note-on,401c000000000000,13440,1630,midi,10,11,673,55,110,-1
note-on,401c000000000000,13440,1638,midi,10,11,677,62,110,-1
note-on,401c000000000000,13440,1608,synth,0,1,664,65,69,-1
note-on,401c000000000000,13440,1623,synth,10,3,670,60,110,-1
note-on,401c000000000000,13440,1632,synth,10,3,674,55,110,-1
note-on,401c000000000000,13440,1640,synth,10,3,678,62,110,-1
note-on,401c000000000000,13440,1612,synth,0,9,666,65,69,-1
note-on,401c000000000000,13440,1617,synth,10,11,668,60,110,-1
note-on,401c000000000000,13440,1628,synth,10,11,672,55,110,-1
note-on,401c000000000000,13440,1636,synth,10,11,676,62,110,-1
note-off,401c8aaaaaaaaaab,13800,1647,midi,5,6,535,55,0,-1
note-off,401c8aaaaaaaaaab,13800,1659,midi,5,6,539,53,0,-1
note-off,401c8aaaaaaaaaab,13800,1671,midi,5,6,543,58,0,-1
note-off,401c8aaaaaaaaaab,13800,1653,midi,5,14,533,55,0,-1
note-off,401c8aaaaaaaaaab,13800,1665,midi,5,14,537,53,0,-1
note-off,401c8aaaaaaaaaab,13800,1677,midi,5,14,541,58,0,-1
note-off,401c8aaaaaaaaaab,13800,1644,synth,5,6,534,55,0,-1
note-off,401c8aaaaaaaaaab,13800,1656,synth,5,6,538,53,0,-1
note-off,401c8aaaaaaaaaab,13800,1668,synth,5,6,542,58,0,-1
note-off,401c8aaaaaaaaaab,13800,1650,synth,5,14,532,55,0,-1
note-off,401c8aaaaaaaaaab,13800,1662,synth,5,14,536,53,0,-1
note-off,401c8aaaaaaaaaab,13800,1674,synth,5,14,540,58,0,-1
note-on,401c8aaaaaaaaaab,13800,1648,midi,5,6,681,55,48,-1
note-on,401c8aaaaaaaaaab,13800,1660,midi,5,6,685,53,48,-1
note-on,401c8aaaaaaaaaab,13800,1672,midi,5,6,689,58,48,-1
note-on,401c8aaaaaaaaaab,13800,1654,midi,5,14,683,55,48,-1
note-on,401c8aaaaaaaaaab,13800,1666,midi,5,14,687,53,48,-1
note-on,401c8aaaaaaaaaab,13800,1678,midi,5,14,691,58,48,-1
note-on,401c8aaaaaaaaaab,13800,1645,synth,5,6,680,55,48,-1
note-on,401c8aaaaaaaaaab,13800,1657,synth,5,6,684,53,48,-1
note-on,401c8aaaaaaaaaab,13800,1669,synth,5,6,688,58,48,-1
note-on,401c8aaaaaaaaaab,13800,1651,synth,5,14,682,55,48,-1
note-on,401c8aaaaaaaaaab,13800,1663,synth,5,14,686,53,48,-1
note-on,401c8aaaaaaaaaab,13800,1675,synth,5,14,690,58,48,-1
note-on,401cc00000000000,13800,1686,midi,14,7,695,60,48,-1
note-on,401cc00000000000,13800,1682,midi,14,15,693,60,48,-1
note-on,401cc00000000000,13800,1684,synth,14,7,694,60,48,-1
note-on,401cc00000000000,13800,1680,synth,14,15,692,60,48,-1
note-off,401cfe0000000000,14160,1591,midi,11,4,655,53,0,-1
note-off,401cfe0000000000,14160,1599,midi,11,4,659,58,0,-1
note-off,401cfe0000000000,14160,1607,midi,11,4,663,62,0,-1
note-off,401cfe0000000000,14160,1587,midi,11,12,653,53,0,-1
note-off,401cfe0000000000,14160,1595,midi,11,12,657,58,0,-1
note-off,401cfe0000000000,14160,1603,midi,11,12,661,62,0,-1
note-off,401cfe0000000000,14160,1589,synth,11,4,654,53,0,-1
note-off,401cfe0000000000,14160,1597,synth,11,4,658,58,0,-1
note-off,401cfe0000000000,14160,1605,synth,11,4,662,62,0,-1
note-off,401cfe0000000000,14160,1585,synth,11,12,652,53,0,-1
note-off,401cfe0000000000,14160,1593,synth,11,12,656,58,0,-1
note-off,401cfe0000000000,14160,1601,synth,11,12,660,62,0,-1
note-on,401d000000000000,13920,1690,midi,2,3,697,48,89,-1
note-on,401d000000000000,13920,1694,midi,2,11,699,48,89,-1
note-on,401d000000000000,13920,1688,synth,2,3,696,48,89,-1
note-on,401d000000000000,13920,1692,synth,2,11,698,48,89,-1
note-off,401d200000000000,13980,1643,midi,10,3,679,62,0,-1
note-off,401d200000000000,13980,1639,midi,10,11,677,62,0,-1
note-off,401d200000000000,13980,1641,synth,10,3,678,62,0,-1
note-off,401d200000000000,13980,1637,synth,10,11,676,62,0,-1
note-off,401d400000000000,14040,1691,midi,2,3,697,48,0,-1
note-off,401d400000000000,14040,1695,midi,2,11,699,48,0,-1
note-off,401d400000000000,14040,1689,synth,2,3,696,48,0,-1
note-off,401d400000000000,14040,1693,synth,2,11,698,48,0,-1
note-on,401d400000000000,14040,1702,midi,14,7,703,55,89,-1
note-on,401d400000000000,14040,1698,midi,14,15,701,55,89,-1
note-on,401d400000000000,14040,1700,synth,14,7,702,55,89,-1
note-on,401d400000000000,14040,1696,synth,14,15,700,55,89,-1
note-off,401d4b851eb851ec,14062,1703,midi,14,7,703,55,0,-1
note-off,401d4b851eb851ec,14062,1699,midi,14,15,701,55,0,-1
note-off,401d4b851eb851ec,14062,1701,synth,14,7,702,55,0,-1
note-off,401d4b851eb851ec,14062,1697,synth,14,15,700,55,0,-1
note-off,401d800000000000,14160,1725,midi,10,3,671,60,0,-1
note-off,401d800000000000,14160,1707,midi,4,5,589,70,0,-1
note-off,401d800000000000,14160,1719,midi,10,11,669,60,0,-1
note-off,401d800000000000,14160,1713,midi,4,13,591,70,0,-1
note-off,401d800000000000,14160,1722,synth,10,3,670,60,0,-1
note-off,401d800000000000,14160,1704,synth,4,5,588,70,0,-1
note-off,401d800000000000,14160,1716,synth,10,11,668,60,0,-1
note-off,401d800000000000,14160,1710,synth,4,13,590,70,0,-1
note-on,401d800000000000,14160,1726,midi,10,3,711,60,89,-1
note-on,401d800000000000,14160,1708,midi,4,5,705,70,110,-1
note-on,401d800000000000,14160,1720,midi,10,11,709,60,89,-1
note-on,401d800000000000,14160,1714,midi,4,13,707,70,110,-1
note-on,401d800000000000,14160,1723,synth,10,3,710,60,89,-1
note-on,401d800000000000,14160,1705,synth,4,5,704,70,110,-1
note-on,401d800000000000,14160,1717,synth,10,11,708,60,89,-1
note-on,401d800000000000,14160,1711,synth,4,13,706,70,110,-1
note-on,401deaaaaaaaaaab,14760,1734,midi,15,8,715,65,48,-1
note-on,401deaaaaaaaaaab,14760,1730,midi,15,16,713,65,48,-1
note-on,401deaaaaaaaaaab,14760,1732,synth,15,8,714,65,48,-1
note-on,401deaaaaaaaaaab,14760,1728,synth,15,16,712,65,48,-1
note-off,401e000000000000,14400,1739,midi,2,3,633,50,0,-1
note-off,401e000000000000,14400,1757,midi,14,7,603,67,0,-1
note-off,401e000000000000,14400,1745,midi,2,11,635,50,0,-1
note-off,401e000000000000,14400,1751,midi,14,15,601,67,0,-1
note-off,401e000000000000,14400,1736,synth,2,3,632,50,0,-1
note-off,401e000000000000,14400,1754,synth,14,7,602,67,0,-1
note-off,401e000000000000,14400,1742,synth,2,11,634,50,0,-1
note-off,401e000000000000,14400,1748,synth,14,15,600,67,0,-1
note-on,401e000000000000,14400,1740,midi,2,3,717,50,89,-1
note-on,401e000000000000,14400,1758,midi,14,7,723,67,89,-1
note-on,401e000000000000,14400,1746,midi,2,11,719,50,89,-1
note-on,401e000000000000,14400,1752,midi,14,15,721,67,89,-1
note-on,401e000000000000,14400,1737,synth,2,3,716,50,89,-1
note-on,401e000000000000,14400,1755,synth,14,7,722,67,89,-1
note-on,401e000000000000,14400,1743,synth,2,11,718,50,89,-1
note-on,401e000000000000,14400,1749,synth,14,15,720,67,89,-1
note-off,401e100000000000,14430,1709,midi,4,5,705,70,0,-1
note-off,401e100000000000,14430,1715,midi,4,13,707,70,0,-1
note-off,401e100000000000,14430,1706,synth,4,5,704,70,0,-1
note-off,401e100000000000,14430,1712,synth,4,13,706,70,0,-1
note-off,401e42aaaaaaaaab,14700,1649,midi,5,6,681,55,0,-1
note-off,401e42aaaaaaaaab,14700,1661,midi,5,6,685,53,0,-1
note-off,401e42aaaaaaaaab,14700,1673,midi,5,6,689,58,0,-1
note-off,401e42aaaaaaaaab,14700,1655,midi,5,14,683,55,0,-1
note-off,401e42aaaaaaaaab,14700,1667,midi,5,14,687,53,0,-1
note-off,401e42aaaaaaaaab,14700,1679,midi,5,14,691,58,0,-1
note-off,401e42aaaaaaaaab,14700,1646,synth,5,6,680,55,0,-1
note-off,401e42aaaaaaaaab,14700,1658,synth,5,6,684,53,0,-1
note-off,401e42aaaaaaaaab,14700,1670,synth,5,6,688,58,0,-1
note-off,401e42aaaaaaaaab,14700,1652,synth,5,14,682,55,0,-1
note-off,401e42aaaaaaaaab,14700,1664,synth,5,14,686,53,0,-1
note-off,401e42aaaaaaaaab,14700,1676,synth,5,14,690,58,0,-1
note-off,401e800000000000,14640,1727,midi,10,3,711,60,0,-1
note-off,401e800000000000,14640,1721,midi,10,11,709,60,0,-1
note-off,401e800000000000,14640,1724,synth,10,3,710,60,0,-1
note-off,401e800000000000,14640,1718,synth,10,11,708,60,0,-1
note-on,401ec00000000000,14760,1766,midi,8,1,727,62,110,-1
note-on,401ec00000000000,14760,1762,midi,8,9,725,62,110,-1
note-on,401ec00000000000,14760,1764,synth,8,1,726,62,110,-1
note-on,401ec00000000000,14760,1760,synth,8,9,724,62,110,-1
note-off,401f000000000000,14880,1767,midi,8,1,727,62,0,-1
note-off,401f000000000000,14880,1771,midi,0,1,639,60,0,-1
note-off,401f000000000000,14880,1741,midi,2,3,717,50,0,-1
note-off,401f000000000000,14880,1797,midi,14,7,651,65,0,-1
note-off,401f000000000000,14880,1809,midi,14,7,695,60,0,-1
note-off,401f000000000000,14880,1821,midi,14,7,723,67,0,-1
note-off,401f000000000000,14880,1763,midi,8,9,725,62,0,-1
note-off,401f000000000000,14880,1777,midi,0,9,637,60,0,-1
note-off,401f000000000000,14880,1747,midi,2,11,719,50,0,-1
note-off,401f000000000000,14880,1791,midi,14,15,649,65,0,-1
note-off,401f000000000000,14880,1803,midi,14,15,693,60,0,-1
note-off,401f000000000000,14880,1815,midi,14,15,721,67,0,-1
note-off,401f000000000000,14880,1765,synth,8,1,726,62,0,-1
note-off,401f000000000000,14880,1768,synth,0,1,638,60,0,-1
note-off,401f000000000000,14880,1738,synth,2,3,716,50,0,-1
note-off,401f000000000000,14880,1794,synth,14,7,650,65,0,-1
note-off,401f000000000000,14880,1806,synth,14,7,694,60,0,-1
note-off,401f000000000000,14880,1818,synth,14,7,722,67,0,-1
note-off,401f000000000000,14880,1761,synth,8,9,724,62,0,-1
note-off,401f000000000000,14880,1774,synth,0,9,636,60,0,-1
note-off,401f000000000000,14880,1744,synth,2,11,718,50,0,-1
note-off,401f000000000000,14880,1788,synth,14,15,648,65,0,-1
note-off,401f000000000000,14880,1800,synth,14,15,692,60,0,-1
note-off,401f000000000000,14880,1812,synth,14,15,720,67,0,-1
note-on,401f000000000000,14880,1772,midi,0,1,729,60,89,-1
note-on,401f000000000000,14880,1786,midi,12,5,735,60,89,-1
note-on,401f000000000000,14880,1798,midi,14,7,739,65,89,-1
note-on,401f000000000000,14880,1810,midi,14,7,743,60,89,-1
note-on,401f000000000000,14880,1822,midi,14,7,747,67,89,-1
note-on,401f000000000000,14880,1778,midi,0,9,731,60,89,-1
note-on,401f000000000000,14880,1782,midi,12,13,733,60,89,-1
note-on,401f000000000000,14880,1792,midi,14,15,737,65,89,-1
note-on,401f000000000000,14880,1804,midi,14,15,741,60,89,-1
note-on,401f000000000000,14880,1816,midi,14,15,745,67,89,-1
note-on,401f000000000000,14880,1769,synth,0,1,728,60,89,-1
note-on,401f000000000000,14880,1784,synth,12,5,734,60,89,-1
note-on,401f000000000000,14880,1795,synth,14,7,738,65,89,-1
note-on,401f000000000000,14880,1807,synth,14,7,742,60,89,-1
note-on,401f000000000000,14880,1819,synth,14,7,746,67,89,-1
note-on,401f000000000000,14880,1775,synth,0,9,730,60,89,-1
note-on,401f000000000000,14880,1780,synth,12,13,732,60,89,-1
note-on,401f000000000000,14880,1789,synth,14,15,736,65,89,-1
note-on,401f000000000000,14880,1801,synth,14,15,740,60,89,-1
note-on,401f000000000000,14880,1813,synth,14,15,744,67,89,-1
note-off,401f0f5c28f5c28f,14909,1773,midi,0,1,729,60,0,-1
note-off,401f0f5c28f5c28f,14909,1779,midi,0,9,731,60,0,-1
note-off,401f0f5c28f5c28f,14909,1770,synth,0,1,728,60,0,-1
note-off,401f0f5c28f5c28f,14909,1776,synth,0,9,730,60,0,-1
note-off,401f400000000000,15000,1833,midi,8,1,665,65,0,-1
note-off,401f400000000000,15000,1827,midi,8,9,667,65,0,-1
note-off,401f400000000000,15000,1830,synth,8,1,664,65,0,-1
note-off,401f400000000000,15000,1824,synth,8,9,666,65,0,-1
note-on,401f400000000000,15000,1834,midi,8,1,751,65,89,-1
note-on,401f400000000000,15000,1828,midi,8,9,749,65,89,-1
note-on,401f400000000000,15000,1831,synth,8,1,750,65,89,-1
note-on,401f400000000000,15000,1825,synth,8,9,748,65,89,-1
note-off,401f45c28f5c28f6,15011,1835,midi,8,1,751,65,0,-1
note-off,401f45c28f5c28f6,15011,1829,midi,8,9,749,65,0,-1
note-off,401f45c28f5c28f6,15011,1832,synth,8,1,750,65,0,-1
note-off,401f45c28f5c28f6,15011,1826,synth,8,9,748,65,0,-1
note-off,401f800000000000,15120,1845,midi,10,3,675,55,0,-1
note-off,401f800000000000,15120,1839,midi,10,11,673,55,0,-1
note-off,401f800000000000,15120,1842,synth,10,3,674,55,0,-1
note-off,401f800000000000,15120,1836,synth,10,11,672,55,0,-1
note-on,401f800000000000,15120,1846,midi,10,3,755,55,110,-1
note-on,401f800000000000,15120,1840,midi,10,11,753,55,110,-1
note-on,401f800000000000,15120,1843,synth,10,3,754,55,110,-1
note-on,401f800000000000,15120,1837,synth,10,11,752,55,110,-1
# window 3 drained, 24 pending
