program-change,0000000000000000,0,0,midi,0,1,-1,-1,-1,0
program-change,0000000000000000,0,2,midi,1,2,-1,-1,-1,7
program-change,0000000000000000,0,4,midi,2,3,-1,-1,-1,14
program-change,0000000000000000,0,6,midi,3,4,-1,-1,-1,21
program-change,0000000000000000,0,1,midi,0,9,-1,-1,-1,0
program-change,0000000000000000,0,3,midi,1,10,-1,-1,-1,7
program-change,0000000000000000,0,5,midi,2,11,-1,-1,-1,14
program-change,0000000000000000,0,7,midi,3,12,-1,-1,-1,21
note-on,3fb0000000000000,120,10,midi,1,2,1,55,89,-1
note-on,3fb0000000000000,120,14,midi,1,10,3,55,89,-1
note-on,3fb0000000000000,120,8,synth,1,2,0,55,89,-1
note-on,3fb0000000000000,120,12,synth,1,10,2,55,89,-1
note-on,3fc0000000000000,240,18,midi,2,3,5,48,89,-1
note-on,3fc0000000000000,240,22,midi,2,11,7,48,89,-1
note-on,3fc0000000000000,240,16,synth,2,3,4,48,89,-1
note-on,3fc0000000000000,240,20,synth,2,11,6,48,89,-1
note-off,3fc170a3d70a3d71,262,19,midi,2,3,5,48,0,-1
note-off,3fc170a3d70a3d71,262,23,midi,2,11,7,48,0,-1
note-off,3fc170a3d70a3d71,262,17,synth,2,3,4,48,0,-1
note-off,3fc170a3d70a3d71,262,21,synth,2,11,6,48,0,-1
note-on,3fc8000000000000,360,26,midi,3,4,9,53,89,-1
note-on,3fc8000000000000,360,30,midi,3,12,11,53,89,-1
note-on,3fc8000000000000,360,24,synth,3,4,8,53,89,-1
note-on,3fc8000000000000,360,28,synth,3,12,10,53,89,-1
note-on,3fd4000000000000,600,34,midi,2,3,13,53,48,-1
note-on,3fd4000000000000,600,38,midi,2,11,15,53,48,-1
note-on,3fd4000000000000,600,32,synth,2,3,12,53,48,-1
note-on,3fd4000000000000,600,36,synth,2,11,14,53,48,-1
note-off,3fdc000000000000,840,11,midi,1,2,1,55,0,-1
note-off,3fdc000000000000,840,15,midi,1,10,3,55,0,-1
note-off,3fdc000000000000,840,9,synth,1,2,0,55,0,-1
note-off,3fdc000000000000,840,13,synth,1,10,2,55,0,-1
note-on,3fee000000000000,1800,42,midi,2,3,17,60,89,-1
note-on,3fee000000000000,1800,46,midi,2,11,19,60,89,-1
note-on,3fee000000000000,1800,40,synth,2,3,16,60,89,-1
note-on,3fee000000000000,1800,44,synth,2,11,18,60,89,-1
note-on,3ff1000000000000,2040,50,midi,1,2,21,50,89,-1
note-on,3ff1000000000000,2040,54,midi,1,10,23,50,89,-1
note-on,3ff1000000000000,2040,48,synth,1,2,20,50,89,-1
note-on,3ff1000000000000,2040,52,synth,1,10,22,50,89,-1
note-off,3ff3000000000000,2280,67,midi,2,3,13,53,0,-1
note-off,3ff3000000000000,2280,79,midi,2,3,17,60,0,-1
note-off,3ff3000000000000,2280,73,midi,2,11,15,53,0,-1
note-off,3ff3000000000000,2280,85,midi,2,11,19,60,0,-1
note-off,3ff3000000000000,2280,64,synth,2,3,12,53,0,-1
note-off,3ff3000000000000,2280,76,synth,2,3,16,60,0,-1
note-off,3ff3000000000000,2280,70,synth,2,11,14,53,0,-1
note-off,3ff3000000000000,2280,82,synth,2,11,18,60,0,-1
note-on,3ff3000000000000,2280,58,midi,2,3,25,50,48,-1
note-on,3ff3000000000000,2280,68,midi,2,3,29,53,48,-1
note-on,3ff3000000000000,2280,80,midi,2,3,33,60,48,-1
note-on,3ff3000000000000,2280,62,midi,2,11,27,50,48,-1
note-on,3ff3000000000000,2280,74,midi,2,11,31,53,48,-1
note-on,3ff3000000000000,2280,86,midi,2,11,35,60,48,-1
note-on,3ff3000000000000,2280,56,synth,2,3,24,50,48,-1
note-on,3ff3000000000000,2280,65,synth,2,3,28,53,48,-1
note-on,3ff3000000000000,2280,77,synth,2,3,32,60,48,-1
note-on,3ff3000000000000,2280,60,synth,2,11,26,50,48,-1
note-on,3ff3000000000000,2280,71,synth,2,11,30,53,48,-1
note-on,3ff3000000000000,2280,83,synth,2,11,34,60,48,-1
note-off,3ff4800000000000,2760,51,midi,1,2,21,50,0,-1
note-off,3ff4800000000000,2460,59,midi,2,3,25,50,0,-1
note-off,3ff4800000000000,2760,55,midi,1,10,23,50,0,-1
note-off,3ff4800000000000,2460,63,midi,2,11,27,50,0,-1
note-off,3ff4800000000000,2760,49,synth,1,2,20,50,0,-1
note-off,3ff4800000000000,2460,57,synth,2,3,24,50,0,-1
note-off,3ff4800000000000,2760,53,synth,1,10,22,50,0,-1
note-off,3ff4800000000000,2460,61,synth,2,11,26,50,0,-1
note-on,3ff5aaaaaaaaaaab,3000,90,midi,1,2,37,46,110,-1
note-on,3ff5aaaaaaaaaaab,3000,94,midi,1,10,39,46,110,-1
note-on,3ff5aaaaaaaaaaab,3000,88,synth,1,2,36,46,110,-1
note-on,3ff5aaaaaaaaaaab,3000,92,synth,1,10,38,46,110,-1
note-off,3ff7000000000000,2760,27,midi,3,4,9,53,0,-1
note-off,3ff7000000000000,2760,31,midi,3,12,11,53,0,-1
note-off,3ff7000000000000,2760,25,synth,3,4,8,53,0,-1
note-off,3ff7000000000000,2760,29,synth,3,12,10,53,0,-1
note-off,3ff7caaaaaaaaaab,3180,91,midi,1,2,37,46,0,-1
note-off,3ff7caaaaaaaaaab,3180,95,midi,1,10,39,46,0,-1
note-off,3ff7caaaaaaaaaab,3180,89,synth,1,2,36,46,0,-1
note-off,3ff7caaaaaaaaaab,3180,93,synth,1,10,38,46,0,-1
note-off,3ff8000000000000,2880,99,midi,2,3,33,60,0,-1
note-off,3ff8000000000000,2880,105,midi,2,11,35,60,0,-1
note-off,3ff8000000000000,2880,96,synth,2,3,32,60,0,-1
note-off,3ff8000000000000,2880,102,synth,2,11,34,60,0,-1
note-on,3ff8000000000000,2880,100,midi,2,3,41,60,110,-1
note-on,3ff8000000000000,2880,106,midi,2,11,43,60,110,-1
note-on,3ff8000000000000,2880,97,synth,2,3,40,60,110,-1
note-on,3ff8000000000000,2880,103,synth,2,11,42,60,110,-1
note-off,3ff8c00000000000,2970,101,midi,2,3,41,60,0,-1
note-off,3ff8c00000000000,2970,107,midi,2,11,43,60,0,-1
note-off,3ff8c00000000000,2970,98,synth,2,3,40,60,0,-1
note-off,3ff8c00000000000,2970,104,synth,2,11,42,60,0,-1
note-off,3ffb000000000000,3240,111,midi,2,3,29,53,0,-1
note-off,3ffb000000000000,3240,117,midi,2,11,31,53,0,-1
note-off,3ffb000000000000,3240,108,synth,2,3,28,53,0,-1
note-off,3ffb000000000000,3240,114,synth,2,11,30,53,0,-1
note-on,3ffb000000000000,3240,112,midi,2,3,45,53,89,-1
note-on,3ffb000000000000,3240,118,midi,2,11,47,53,89,-1
note-on,3ffb000000000000,3240,109,synth,2,3,44,53,89,-1
note-on,3ffb000000000000,3240,115,synth,2,11,46,53,89,-1
note-off,3ffd000000000000,3480,113,midi,2,3,45,53,0,-1
note-off,3ffd000000000000,3480,119,midi,2,11,47,53,0,-1
note-off,3ffd000000000000,3480,110,synth,2,3,44,53,0,-1
note-off,3ffd000000000000,3480,116,synth,2,11,46,53,0,-1
note-on,3fff000000000000,3720,122,midi,2,3,49,58,89,-1
note-on,3fff000000000000,3720,126,midi,2,11,51,58,89,-1
note-on,3fff000000000000,3720,120,synth,2,3,48,58,89,-1
note-on,3fff000000000000,3720,124,synth,2,11,50,58,89,-1
# window 0 drained, 4 pending
note-on,4000800000000000,3960,130,midi,1,2,53,53,89,-1
note-on,4000800000000000,3960,138,midi,2,3,57,50,89,-1
note-on,4000800000000000,3960,134,midi,1,10,55,53,89,-1
note-on,4000800000000000,3960,142,midi,2,11,59,50,89,-1
note-on,4000800000000000,3960,128,synth,1,2,52,53,89,-1
note-on,4000800000000000,3960,136,synth,2,3,56,50,89,-1
note-on,4000800000000000,3960,132,synth,1,10,54,53,89,-1
note-on,4000800000000000,3960,140,synth,2,11,58,50,89,-1
note-off,4001640000000000,4230,131,midi,1,2,53,53,0,-1
note-off,4001640000000000,4230,135,midi,1,10,55,53,0,-1
note-off,4001640000000000,4230,129,synth,1,2,52,53,0,-1
note-off,4001640000000000,4230,133,synth,1,10,54,53,0,-1
note-off,4004800000000000,4920,147,midi,2,3,49,58,0,-1
note-off,4004800000000000,4920,153,midi,2,11,51,58,0,-1
note-off,4004800000000000,4920,144,synth,2,3,48,58,0,-1
note-off,4004800000000000,4920,150,synth,2,11,50,58,0,-1
note-on,4004800000000000,4920,148,midi,2,3,61,58,89,-1
note-on,4004800000000000,4920,158,midi,2,3,65,53,89,-1
note-on,4004800000000000,4920,166,midi,2,3,69,60,89,-1
note-on,4004800000000000,4920,154,midi,2,11,63,58,89,-1
note-on,4004800000000000,4920,162,midi,2,11,67,53,89,-1
note-on,4004800000000000,4920,170,midi,2,11,71,60,89,-1
note-on,4004800000000000,4920,145,synth,2,3,60,58,89,-1
note-on,4004800000000000,4920,156,synth,2,3,64,53,89,-1
note-on,4004800000000000,4920,164,synth,2,3,68,60,89,-1
note-on,4004800000000000,4920,151,synth,2,11,62,58,89,-1
note-on,4004800000000000,4920,160,synth,2,11,66,53,89,-1
note-on,4004800000000000,4920,168,synth,2,11,70,60,89,-1
note-on,4005400000000000,5400,174,midi,1,2,73,55,48,-1
note-on,4005400000000000,5400,178,midi,1,10,75,55,48,-1
note-on,4005400000000000,5400,172,synth,1,2,72,55,48,-1
note-on,4005400000000000,5400,176,synth,1,10,74,55,48,-1
note-off,4006000000000000,5280,159,midi,2,3,65,53,0,-1
note-off,4006000000000000,5280,167,midi,2,3,69,60,0,-1
note-off,4006000000000000,5280,163,midi,2,11,67,53,0,-1
note-off,4006000000000000,5280,171,midi,2,11,71,60,0,-1
note-off,4006000000000000,5280,157,synth,2,3,64,53,0,-1
note-off,4006000000000000,5280,165,synth,2,3,68,60,0,-1
note-off,4006000000000000,5280,161,synth,2,11,66,53,0,-1
note-off,4006000000000000,5280,169,synth,2,11,70,60,0,-1
note-on,4006000000000000,5280,182,midi,0,1,77,60,48,-1
note-on,4006000000000000,5280,186,midi,0,9,79,60,48,-1
note-on,4006000000000000,5280,180,synth,0,1,76,60,48,-1
note-on,4006000000000000,5280,184,synth,0,9,78,60,48,-1
note-on,4006800000000000,5400,190,midi,2,3,81,48,89,-1
note-on,4006800000000000,5400,194,midi,2,11,83,48,89,-1
note-on,4006800000000000,5400,188,synth,2,3,80,48,89,-1
note-on,4006800000000000,5400,192,synth,2,11,82,48,89,-1
note-off,4007400000000000,5580,191,midi,2,3,81,48,0,-1
note-off,4007400000000000,5580,195,midi,2,11,83,48,0,-1
note-off,4007400000000000,5580,189,synth,2,3,80,48,0,-1
note-off,4007400000000000,5580,193,synth,2,11,82,48,0,-1
note-off,4009800000000000,6120,199,midi,2,3,57,50,0,-1
note-off,4009800000000000,6120,205,midi,2,11,59,50,0,-1
note-off,4009800000000000,6120,196,synth,2,3,56,50,0,-1
note-off,4009800000000000,6120,202,synth,2,11,58,50,0,-1
note-on,4009800000000000,6120,200,midi,2,3,85,50,89,-1
note-on,4009800000000000,6120,210,midi,3,4,89,65,89,-1
note-on,4009800000000000,6120,206,midi,2,11,87,50,89,-1
note-on,4009800000000000,6120,214,midi,3,12,91,65,89,-1
note-on,4009800000000000,6120,197,synth,2,3,84,50,89,-1
note-on,4009800000000000,6120,208,synth,3,4,88,65,89,-1
note-on,4009800000000000,6120,203,synth,2,11,86,50,89,-1
note-on,4009800000000000,6120,212,synth,3,12,90,65,89,-1
note-off,4009e00000000000,6210,201,midi,2,3,85,50,0,-1
note-off,4009e00000000000,6210,207,midi,2,11,87,50,0,-1
note-off,4009e00000000000,6210,198,synth,2,3,84,50,0,-1
note-off,4009e00000000000,6210,204,synth,2,11,86,50,0,-1
note-on,400a000000000000,6240,218,midi,0,1,93,62,89,-1
note-on,400a000000000000,6240,222,midi,0,9,95,62,89,-1
note-on,400a000000000000,6240,216,synth,0,1,92,62,89,-1
note-on,400a000000000000,6240,220,synth,0,9,94,62,89,-1
note-off,400a19999999999a,6264,211,midi,3,4,89,65,0,-1
note-off,400a19999999999a,6264,215,midi,3,12,91,65,0,-1
note-off,400a19999999999a,6264,209,synth,3,4,88,65,0,-1
note-off,400a19999999999a,6264,213,synth,3,12,90,65,0,-1
note-off,400a800000000000,6360,219,midi,0,1,93,62,0,-1
note-off,400a800000000000,6360,223,midi,0,9,95,62,0,-1
note-off,400a800000000000,6360,217,synth,0,1,92,62,0,-1
note-off,400a800000000000,6360,221,synth,0,9,94,62,0,-1
note-off,400b000000000000,6480,227,midi,2,3,61,58,0,-1
note-off,400b000000000000,6480,233,midi,2,11,63,58,0,-1
note-off,400b000000000000,6480,224,synth,2,3,60,58,0,-1
note-off,400b000000000000,6480,230,synth,2,11,62,58,0,-1
note-on,400b000000000000,6480,228,midi,2,3,97,58,89,-1
note-on,400b000000000000,6480,234,midi,2,11,99,58,89,-1
note-on,400b000000000000,6480,225,synth,2,3,96,58,89,-1
note-on,400b000000000000,6480,231,synth,2,11,98,58,89,-1
note-off,400b400000000000,6840,175,midi,1,2,73,55,0,-1
note-off,400b400000000000,6840,179,midi,1,10,75,55,0,-1
note-off,400b400000000000,6840,173,synth,1,2,72,55,0,-1
note-off,400b400000000000,6840,177,synth,1,10,74,55,0,-1
note-off,400d800000000000,7080,229,midi,2,3,97,58,0,-1
note-off,400d800000000000,7080,235,midi,2,11,99,58,0,-1
note-off,400d800000000000,7080,226,synth,2,3,96,58,0,-1
note-off,400d800000000000,7080,232,synth,2,11,98,58,0,-1
note-off,400e000000000000,7200,239,midi,0,1,77,60,0,-1
note-off,400e000000000000,7200,245,midi,0,9,79,60,0,-1
note-off,400e000000000000,7200,236,synth,0,1,76,60,0,-1
note-off,400e000000000000,7200,242,synth,0,9,78,60,0,-1
note-on,400e000000000000,7200,240,midi,0,1,101,60,69,-1
note-on,400e000000000000,7200,246,midi,0,9,103,60,69,-1
note-on,400e000000000000,7200,237,synth,0,1,100,60,69,-1
note-on,400e000000000000,7200,243,synth,0,9,102,60,69,-1
note-off,400ec00000000000,7380,241,midi,0,1,101,60,0,-1
note-off,400ec00000000000,7380,247,midi,0,9,103,60,0,-1
note-off,400ec00000000000,7380,238,synth,0,1,100,60,0,-1
note-off,400ec00000000000,7380,244,synth,0,9,102,60,0,-1
# window 1 drained, 0 pending
note-on,4010800000000000,7920,250,midi,2,3,105,60,89,-1
note-on,4010800000000000,7920,254,midi,2,11,107,60,89,-1
note-on,4010800000000000,7920,248,synth,2,3,104,60,89,-1
note-on,4010800000000000,7920,252,synth,2,11,106,60,89,-1
note-on,4011000000000000,8160,258,midi,2,3,109,53,89,-1
note-on,4011000000000000,8160,262,midi,2,11,111,53,89,-1
note-on,4011000000000000,8160,256,synth,2,3,108,53,89,-1
note-on,4011000000000000,8160,260,synth,2,11,110,53,89,-1
note-off,4011c00000000000,8520,275,midi,2,3,109,53,0,-1
note-off,4011c00000000000,8520,287,midi,2,3,105,60,0,-1
note-off,4011c00000000000,8520,281,midi,2,11,111,53,0,-1
note-off,4011c00000000000,8520,293,midi,2,11,107,60,0,-1
note-off,4011c00000000000,8520,272,synth,2,3,108,53,0,-1
note-off,4011c00000000000,8520,284,synth,2,3,104,60,0,-1
note-off,4011c00000000000,8520,278,synth,2,11,110,53,0,-1
note-off,4011c00000000000,8520,290,synth,2,11,106,60,0,-1
note-on,4011c00000000000,8520,266,midi,2,3,113,50,89,-1
note-on,4011c00000000000,8520,276,midi,2,3,117,53,89,-1
note-on,4011c00000000000,8520,288,midi,2,3,121,60,89,-1
note-on,4011c00000000000,8520,270,midi,2,11,115,50,89,-1
note-on,4011c00000000000,8520,282,midi,2,11,119,53,89,-1
note-on,4011c00000000000,8520,294,midi,2,11,123,60,89,-1
note-on,4011c00000000000,8520,264,synth,2,3,112,50,89,-1
note-on,4011c00000000000,8520,273,synth,2,3,116,53,89,-1
note-on,4011c00000000000,8520,285,synth,2,3,120,60,89,-1
note-on,4011c00000000000,8520,268,synth,2,11,114,50,89,-1
note-on,4011c00000000000,8520,279,synth,2,11,118,53,89,-1
note-on,4011c00000000000,8520,291,synth,2,11,122,60,89,-1
note-off,4012c00000000000,9000,299,midi,2,3,113,50,0,-1
note-off,4012c00000000000,9000,305,midi,2,11,115,50,0,-1
note-off,4012c00000000000,9000,296,synth,2,3,112,50,0,-1
note-off,4012c00000000000,9000,302,synth,2,11,114,50,0,-1
note-on,4012c00000000000,9000,300,midi,2,3,125,50,69,-1
note-on,4012c00000000000,9000,306,midi,2,11,127,50,69,-1
note-on,4012c00000000000,9000,297,synth,2,3,124,50,69,-1
note-on,4012c00000000000,9000,303,synth,2,11,126,50,69,-1
note-off,4014400000000000,9720,319,midi,2,3,117,53,0,-1
note-off,4014400000000000,9720,331,midi,2,3,121,60,0,-1
note-off,4014400000000000,9720,325,midi,2,11,119,53,0,-1
note-off,4014400000000000,9720,337,midi,2,11,123,60,0,-1
note-off,4014400000000000,9720,316,synth,2,3,116,53,0,-1
note-off,4014400000000000,9720,328,synth,2,3,120,60,0,-1
note-off,4014400000000000,9720,322,synth,2,11,118,53,0,-1
note-off,4014400000000000,9720,334,synth,2,11,122,60,0,-1
note-on,4014400000000000,9720,310,midi,2,3,129,58,48,-1
note-on,4014400000000000,9720,320,midi,2,3,133,53,48,-1
note-on,4014400000000000,9720,332,midi,2,3,137,60,48,-1
note-on,4014400000000000,9720,314,midi,2,11,131,58,48,-1
note-on,4014400000000000,9720,326,midi,2,11,135,53,48,-1
note-on,4014400000000000,9720,338,midi,2,11,139,60,48,-1
note-on,4014400000000000,9720,308,synth,2,3,128,58,48,-1
note-on,4014400000000000,9720,317,synth,2,3,132,53,48,-1
note-on,4014400000000000,9720,329,synth,2,3,136,60,48,-1
note-on,4014400000000000,9720,312,synth,2,11,130,58,48,-1
note-on,4014400000000000,9720,323,synth,2,11,134,53,48,-1
note-on,4014400000000000,9720,335,synth,2,11,138,60,48,-1
note-off,4014a00000000000,9900,311,midi,2,3,129,58,0,-1
note-off,4014a00000000000,9900,315,midi,2,11,131,58,0,-1
note-off,4014a00000000000,9900,309,synth,2,3,128,58,0,-1
note-off,4014a00000000000,9900,313,synth,2,11,130,58,0,-1
note-off,4015000000000000,10080,343,midi,2,3,137,60,0,-1
note-off,4015000000000000,10080,349,midi,2,11,139,60,0,-1
note-off,4015000000000000,10080,340,synth,2,3,136,60,0,-1
note-off,4015000000000000,10080,346,synth,2,11,138,60,0,-1
note-on,4015000000000000,10080,344,midi,2,3,141,60,89,-1
note-on,4015000000000000,10080,350,midi,2,11,143,60,89,-1
note-on,4015000000000000,10080,341,synth,2,3,140,60,89,-1
note-on,4015000000000000,10080,347,synth,2,11,142,60,89,-1
note-off,4016800000000000,10800,355,midi,2,3,133,53,0,-1
note-off,4016800000000000,10800,361,midi,2,11,135,53,0,-1
note-off,4016800000000000,10800,352,synth,2,3,132,53,0,-1
note-off,4016800000000000,10800,358,synth,2,11,134,53,0,-1
note-on,4016800000000000,10800,356,midi,2,3,145,53,89,-1
note-on,4016800000000000,10800,362,midi,2,11,147,53,89,-1
note-on,4016800000000000,10800,353,synth,2,3,144,53,89,-1
note-on,4016800000000000,10800,359,synth,2,11,146,53,89,-1
note-off,4017400000000000,11160,367,midi,2,3,125,50,0,-1
note-off,4017400000000000,11160,379,midi,2,3,145,53,0,-1
note-off,4017400000000000,11160,391,midi,2,3,141,60,0,-1
note-off,4017400000000000,11160,373,midi,2,11,127,50,0,-1
note-off,4017400000000000,11160,385,midi,2,11,147,53,0,-1
note-off,4017400000000000,11160,397,midi,2,11,143,60,0,-1
note-off,4017400000000000,11160,364,synth,2,3,124,50,0,-1
note-off,4017400000000000,11160,376,synth,2,3,144,53,0,-1
note-off,4017400000000000,11160,388,synth,2,3,140,60,0,-1
note-off,4017400000000000,11160,370,synth,2,11,126,50,0,-1
note-off,4017400000000000,11160,382,synth,2,11,146,53,0,-1
note-off,4017400000000000,11160,394,synth,2,11,142,60,0,-1
note-on,4017400000000000,11160,368,midi,2,3,149,50,89,-1
note-on,4017400000000000,11160,380,midi,2,3,153,53,89,-1
note-on,4017400000000000,11160,392,midi,2,3,157,60,89,-1
note-on,4017400000000000,11160,374,midi,2,11,151,50,89,-1
note-on,4017400000000000,11160,386,midi,2,11,155,53,89,-1
note-on,4017400000000000,11160,398,midi,2,11,159,60,89,-1
note-on,4017400000000000,11160,365,synth,2,3,148,50,89,-1
note-on,4017400000000000,11160,377,synth,2,3,152,53,89,-1
note-on,4017400000000000,11160,389,synth,2,3,156,60,89,-1
note-on,4017400000000000,11160,371,synth,2,11,150,50,89,-1
note-on,4017400000000000,11160,383,synth,2,11,154,53,89,-1
note-on,4017400000000000,11160,395,synth,2,11,158,60,89,-1
note-off,4017d00000000000,11430,369,midi,2,3,149,50,0,-1
note-off,4017d00000000000,11430,381,midi,2,3,153,53,0,-1
note-off,4017d00000000000,11430,393,midi,2,3,157,60,0,-1
note-off,4017d00000000000,11430,375,midi,2,11,151,50,0,-1
note-off,4017d00000000000,11430,387,midi,2,11,155,53,0,-1
note-off,4017d00000000000,11430,399,midi,2,11,159,60,0,-1
note-off,4017d00000000000,11430,366,synth,2,3,148,50,0,-1
note-off,4017d00000000000,11430,378,synth,2,3,152,53,0,-1
note-off,4017d00000000000,11430,390,synth,2,3,156,60,0,-1
note-off,4017d00000000000,11430,372,synth,2,11,150,50,0,-1
note-off,4017d00000000000,11430,384,synth,2,11,154,53,0,-1
note-off,4017d00000000000,11430,396,synth,2,11,158,60,0,-1
# window 2 drained, 0 pending
note-on,4018000000000000,11520,402,midi,2,3,161,50,89,-1
note-on,4018000000000000,11520,406,midi,2,11,163,50,89,-1
note-on,4018000000000000,11520,400,synth,2,3,160,50,89,-1
note-on,4018000000000000,11520,404,synth,2,11,162,50,89,-1
note-on,4019000000000000,12000,410,midi,2,3,165,60,69,-1
note-on,4019000000000000,12000,414,midi,2,11,167,60,69,-1
note-on,4019000000000000,12000,408,synth,2,3,164,60,69,-1
note-on,4019000000000000,12000,412,synth,2,11,166,60,69,-1
note-off,4019600000000000,12180,411,midi,2,3,165,60,0,-1
note-off,4019600000000000,12180,415,midi,2,11,167,60,0,-1
note-off,4019600000000000,12180,409,synth,2,3,164,60,0,-1
note-off,4019600000000000,12180,413,synth,2,11,166,60,0,-1
note-on,401a000000000000,12480,418,midi,2,3,169,58,110,-1
note-on,401a000000000000,12480,422,midi,2,11,171,58,110,-1
note-on,401a000000000000,12480,416,synth,2,3,168,58,110,-1
note-on,401a000000000000,12480,420,synth,2,11,170,58,110,-1
note-off,401a300000000000,12570,419,midi,2,3,169,58,0,-1
note-off,401a300000000000,12570,423,midi,2,11,171,58,0,-1
note-off,401a300000000000,12570,417,synth,2,3,168,58,0,-1
note-off,401a300000000000,12570,421,synth,2,11,170,58,0,-1
note-on,401aa00000000000,13080,426,midi,1,2,173,48,89,-1
note-on,401aa00000000000,13080,434,midi,1,2,177,50,89,-1
note-on,401aa00000000000,13080,442,midi,1,2,181,55,89,-1
note-on,401aa00000000000,13080,430,midi,1,10,175,48,89,-1
note-on,401aa00000000000,13080,438,midi,1,10,179,50,89,-1
note-on,401aa00000000000,13080,446,midi,1,10,183,55,89,-1
note-on,401aa00000000000,13080,424,synth,1,2,172,48,89,-1
note-on,401aa00000000000,13080,432,synth,1,2,176,50,89,-1
note-on,401aa00000000000,13080,440,synth,1,2,180,55,89,-1
note-on,401aa00000000000,13080,428,synth,1,10,174,48,89,-1
note-on,401aa00000000000,13080,436,synth,1,10,178,50,89,-1
note-on,401aa00000000000,13080,444,synth,1,10,182,55,89,-1
note-off,401ac00000000000,12840,451,midi,2,3,161,50,0,-1
note-off,401ac00000000000,12840,457,midi,2,11,163,50,0,-1
note-off,401ac00000000000,12840,448,synth,2,3,160,50,0,-1
note-off,401ac00000000000,12840,454,synth,2,11,162,50,0,-1
note-on,401ac00000000000,12840,452,midi,2,3,185,50,89,-1
note-on,401ac00000000000,12840,458,midi,2,11,187,50,89,-1
note-on,401ac00000000000,12840,449,synth,2,3,184,50,89,-1
note-on,401ac00000000000,12840,455,synth,2,11,186,50,89,-1
note-off,401b740000000000,13440,427,midi,1,2,173,48,0,-1
note-off,401b740000000000,13440,435,midi,1,2,177,50,0,-1
note-off,401b740000000000,13440,443,midi,1,2,181,55,0,-1
note-off,401b740000000000,13440,431,midi,1,10,175,48,0,-1
note-off,401b740000000000,13440,439,midi,1,10,179,50,0,-1
note-off,401b740000000000,13440,447,midi,1,10,183,55,0,-1
note-off,401b740000000000,13440,425,synth,1,2,172,48,0,-1
note-off,401b740000000000,13440,433,synth,1,2,176,50,0,-1
note-off,401b740000000000,13440,441,synth,1,2,180,55,0,-1
note-off,401b740000000000,13440,429,synth,1,10,174,48,0,-1
note-off,401b740000000000,13440,437,synth,1,10,178,50,0,-1
note-off,401b740000000000,13440,445,synth,1,10,182,55,0,-1
note-on,401c000000000000,13440,462,midi,0,1,189,65,69,-1
note-on,401c000000000000,13440,466,midi,0,9,191,65,69,-1
note-on,401c000000000000,13440,460,synth,0,1,188,65,69,-1
note-on,401c000000000000,13440,464,synth,0,9,190,65,69,-1
note-on,401d000000000000,13920,470,midi,2,3,193,48,89,-1
note-on,401d000000000000,13920,474,midi,2,11,195,48,89,-1
note-on,401d000000000000,13920,468,synth,2,3,192,48,89,-1
note-on,401d000000000000,13920,472,synth,2,11,194,48,89,-1
note-off,401d400000000000,14040,471,midi,2,3,193,48,0,-1
note-off,401d400000000000,14040,475,midi,2,11,195,48,0,-1
note-off,401d400000000000,14040,469,synth,2,3,192,48,0,-1
note-off,401d400000000000,14040,473,synth,2,11,194,48,0,-1
note-off,401d800000000000,14160,463,midi,0,1,189,65,0,-1
note-off,401d800000000000,14160,467,midi,0,9,191,65,0,-1
note-off,401d800000000000,14160,461,synth,0,1,188,65,0,-1
note-off,401d800000000000,14160,465,synth,0,9,190,65,0,-1
note-off,401e000000000000,14400,479,midi,2,3,185,50,0,-1
note-off,401e000000000000,14400,485,midi,2,11,187,50,0,-1
note-off,401e000000000000,14400,476,synth,2,3,184,50,0,-1
note-off,401e000000000000,14400,482,synth,2,11,186,50,0,-1
note-on,401e000000000000,14400,480,midi,2,3,197,50,89,-1
note-on,401e000000000000,14400,486,midi,2,11,199,50,89,-1
note-on,401e000000000000,14400,477,synth,2,3,196,50,89,-1
note-on,401e000000000000,14400,483,synth,2,11,198,50,89,-1
note-off,401f000000000000,14880,481,midi,2,3,197,50,0,-1
note-off,401f000000000000,14880,487,midi,2,11,199,50,0,-1
note-off,401f000000000000,14880,478,synth,2,3,196,50,0,-1
note-off,401f000000000000,14880,484,synth,2,11,198,50,0,-1
note-on,401f000000000000,14880,490,midi,0,1,201,60,89,-1
note-on,401f000000000000,14880,494,midi,0,9,203,60,89,-1
note-on,401f000000000000,14880,488,synth,0,1,200,60,89,-1
note-on,401f000000000000,14880,492,synth,0,9,202,60,89,-1
note-off,401f0f5c28f5c28f,14909,491,midi,0,1,201,60,0,-1
note-off,401f0f5c28f5c28f,14909,495,midi,0,9,203,60,0,-1
note-off,401f0f5c28f5c28f,14909,489,synth,0,1,200,60,0,-1
note-off,401f0f5c28f5c28f,14909,493,synth,0,9,202,60,0,-1
# window 3 drained, 0 pending
