program-change,0000000000000000,0,0,midi,0,1,-1,-1,-1,0
program-change,0000000000000000,0,1,midi,0,9,-1,-1,-1,0
# window 0 drained, 0 pending
note-on,4006000000000000,5280,4,midi,0,1,1,60,48,-1
note-on,4006000000000000,5280,8,midi,0,9,3,60,48,-1
note-on,4006000000000000,5280,2,synth,0,1,0,60,48,-1
note-on,4006000000000000,5280,6,synth,0,9,2,60,48,-1
note-on,400a000000000000,6240,12,midi,0,1,5,62,89,-1
note-on,400a000000000000,6240,16,midi,0,9,7,62,89,-1
note-on,400a000000000000,6240,10,synth,0,1,4,62,89,-1
note-on,400a000000000000,6240,14,synth,0,9,6,62,89,-1
note-off,400a800000000000,6360,13,midi,0,1,5,62,0,-1
note-off,400a800000000000,6360,17,midi,0,9,7,62,0,-1
note-off,400a800000000000,6360,11,synth,0,1,4,62,0,-1
note-off,400a800000000000,6360,15,synth,0,9,6,62,0,-1
note-off,400e000000000000,7200,21,midi,0,1,1,60,0,-1
note-off,400e000000000000,7200,27,midi,0,9,3,60,0,-1
note-off,400e000000000000,7200,18,synth,0,1,0,60,0,-1
note-off,400e000000000000,7200,24,synth,0,9,2,60,0,-1
note-on,400e000000000000,7200,22,midi,0,1,9,60,69,-1
note-on,400e000000000000,7200,28,midi,0,9,11,60,69,-1
note-on,400e000000000000,7200,19,synth,0,1,8,60,69,-1
note-on,400e000000000000,7200,25,synth,0,9,10,60,69,-1
note-off,400ec00000000000,7380,23,midi,0,1,9,60,0,-1
note-off,400ec00000000000,7380,29,midi,0,9,11,60,0,-1
note-off,400ec00000000000,7380,20,synth,0,1,8,60,0,-1
note-off,400ec00000000000,7380,26,synth,0,9,10,60,0,-1
# window 1 drained, 0 pending
# window 2 drained, 0 pending
note-on,401c000000000000,13440,32,midi,0,1,13,65,69,-1
note-on,401c000000000000,13440,36,midi,0,9,15,65,69,-1
note-on,401c000000000000,13440,30,synth,0,1,12,65,69,-1
note-on,401c000000000000,13440,34,synth,0,9,14,65,69,-1
note-off,401d800000000000,14160,33,midi,0,1,13,65,0,-1
note-off,401d800000000000,14160,37,midi,0,9,15,65,0,-1
note-off,401d800000000000,14160,31,synth,0,1,12,65,0,-1
note-off,401d800000000000,14160,35,synth,0,9,14,65,0,-1
note-on,401f000000000000,14880,40,midi,0,1,17,60,89,-1
note-on,401f000000000000,14880,44,midi,0,9,19,60,89,-1
note-on,401f000000000000,14880,38,synth,0,1,16,60,89,-1
note-on,401f000000000000,14880,42,synth,0,9,18,60,89,-1
note-off,401f0f5c28f5c28f,14909,41,midi,0,1,17,60,0,-1
note-off,401f0f5c28f5c28f,14909,45,midi,0,9,19,60,0,-1
note-off,401f0f5c28f5c28f,14909,39,synth,0,1,16,60,0,-1
note-off,401f0f5c28f5c28f,14909,43,synth,0,9,18,60,0,-1
# window 3 drained, 0 pending
