# transform conformance fixture - regenerate with npm run goldens
# stepDurationSeconds: tempo_bits,numerator_bits,denominator_bits,result_bits
405e000000000000,3ff0000000000000,4010000000000000,3fe0000000000000
405e000000000000,3ff0000000000000,4020000000000000,3fd0000000000000
405e000000000000,4000000000000000,4010000000000000,3ff0000000000000
405e000000000000,4008000000000000,4030000000000000,3fd8000000000000
405e000000000000,3ff0000000000000,3ff0000000000000,4000000000000000
405e000000000000,4014000000000000,401c000000000000,3ff6db6db6db6db7
404e000000000000,3ff0000000000000,4010000000000000,3ff0000000000000
404e000000000000,3ff0000000000000,4020000000000000,3fe0000000000000
404e000000000000,4000000000000000,4010000000000000,4000000000000000
404e000000000000,4008000000000000,4030000000000000,3fe8000000000000
404e000000000000,3ff0000000000000,3ff0000000000000,4010000000000000
404e000000000000,4014000000000000,401c000000000000,4006db6db6db6db7
4040aaaaaaaaaaab,3ff0000000000000,4010000000000000,3ffccccccccccccc
4040aaaaaaaaaaab,3ff0000000000000,4020000000000000,3feccccccccccccc
4040aaaaaaaaaaab,4000000000000000,4010000000000000,400ccccccccccccc
4040aaaaaaaaaaab,4008000000000000,4030000000000000,3ff5999999999999
4040aaaaaaaaaaab,3ff0000000000000,3ff0000000000000,401ccccccccccccc
4040aaaaaaaaaaab,4014000000000000,401c000000000000,4014924924924924
406e000000000000,3ff0000000000000,4010000000000000,3fd0000000000000
406e000000000000,3ff0000000000000,4020000000000000,3fc0000000000000
406e000000000000,4000000000000000,4010000000000000,3fe0000000000000
406e000000000000,4008000000000000,4030000000000000,3fc8000000000000
406e000000000000,3ff0000000000000,3ff0000000000000,3ff0000000000000
406e000000000000,4014000000000000,401c000000000000,3fe6db6db6db6db7
# normalizeVelocityRange: low_bits,high_bits,low,high
0000000000000000,405fc00000000000,0,127
405fc00000000000,0000000000000000,0,127
c034000000000000,4069000000000000,0,127
404fc00000000000,4050200000000000,64,65
bfe0000000000000,3fe0000000000000,0,1
4024000000000000,4024000000000000,10,10
# velocityForAccent: low_bits,high_bits,level_bits,result
0000000000000000,405fc00000000000,bff0000000000000,0
0000000000000000,405fc00000000000,0000000000000000,0
0000000000000000,405fc00000000000,3fe0000000000000,0
0000000000000000,405fc00000000000,3ff0000000000000,0
0000000000000000,405fc00000000000,3ff8000000000000,42
0000000000000000,405fc00000000000,4000000000000000,42
0000000000000000,405fc00000000000,4008000000000000,85
0000000000000000,405fc00000000000,4010000000000000,127
0000000000000000,405fc00000000000,4012000000000000,127
0000000000000000,405fc00000000000,4022000000000000,127
4044000000000000,4059000000000000,bff0000000000000,0
4044000000000000,4059000000000000,0000000000000000,0
4044000000000000,4059000000000000,3fe0000000000000,40
4044000000000000,4059000000000000,3ff0000000000000,40
4044000000000000,4059000000000000,3ff8000000000000,60
4044000000000000,4059000000000000,4000000000000000,60
4044000000000000,4059000000000000,4008000000000000,80
4044000000000000,4059000000000000,4010000000000000,100
4044000000000000,4059000000000000,4012000000000000,100
4044000000000000,4059000000000000,4022000000000000,100
405fc00000000000,0000000000000000,bff0000000000000,0
405fc00000000000,0000000000000000,0000000000000000,0
405fc00000000000,0000000000000000,3fe0000000000000,0
405fc00000000000,0000000000000000,3ff0000000000000,0
405fc00000000000,0000000000000000,3ff8000000000000,42
405fc00000000000,0000000000000000,4000000000000000,42
405fc00000000000,0000000000000000,4008000000000000,85
405fc00000000000,0000000000000000,4010000000000000,127
405fc00000000000,0000000000000000,4012000000000000,127
405fc00000000000,0000000000000000,4022000000000000,127
4050000000000000,4050000000000000,bff0000000000000,0
4050000000000000,4050000000000000,0000000000000000,0
4050000000000000,4050000000000000,3fe0000000000000,64
4050000000000000,4050000000000000,3ff0000000000000,64
4050000000000000,4050000000000000,3ff8000000000000,64
4050000000000000,4050000000000000,4000000000000000,64
4050000000000000,4050000000000000,4008000000000000,64
4050000000000000,4050000000000000,4010000000000000,64
4050000000000000,4050000000000000,4012000000000000,64
4050000000000000,4050000000000000,4022000000000000,64
# gate: seed,density_bits,index,value
1,0000000000000000,0,0
1,0000000000000000,1,0
1,0000000000000000,2,0
1,0000000000000000,3,0
1,0000000000000000,4,0
1,0000000000000000,5,0
1,0000000000000000,6,0
1,0000000000000000,7,0
1,3fd0000000000000,0,0
1,3fd0000000000000,1,1
1,3fd0000000000000,2,0
1,3fd0000000000000,3,0
1,3fd0000000000000,4,0
1,3fd0000000000000,5,0
1,3fd0000000000000,6,0
1,3fd0000000000000,7,0
1,3fe8000000000000,0,1
1,3fe8000000000000,1,1
1,3fe8000000000000,2,1
1,3fe8000000000000,3,0
1,3fe8000000000000,4,0
1,3fe8000000000000,5,1
1,3fe8000000000000,6,1
1,3fe8000000000000,7,1
1,3ff0000000000000,0,1
1,3ff0000000000000,1,1
1,3ff0000000000000,2,1
1,3ff0000000000000,3,1
1,3ff0000000000000,4,1
1,3ff0000000000000,5,1
1,3ff0000000000000,6,1
1,3ff0000000000000,7,1
42,0000000000000000,0,0
42,0000000000000000,1,0
42,0000000000000000,2,0
42,0000000000000000,3,0
42,0000000000000000,4,0
42,0000000000000000,5,0
42,0000000000000000,6,0
42,0000000000000000,7,0
42,3fd0000000000000,0,0
42,3fd0000000000000,1,0
42,3fd0000000000000,2,0
42,3fd0000000000000,3,0
42,3fd0000000000000,4,1
42,3fd0000000000000,5,0
42,3fd0000000000000,6,0
42,3fd0000000000000,7,0
42,3fe8000000000000,0,1
42,3fe8000000000000,1,1
42,3fe8000000000000,2,0
42,3fe8000000000000,3,1
42,3fe8000000000000,4,1
42,3fe8000000000000,5,1
42,3fe8000000000000,6,1
42,3fe8000000000000,7,1
42,3ff0000000000000,0,1
42,3ff0000000000000,1,1
42,3ff0000000000000,2,1
42,3ff0000000000000,3,1
42,3ff0000000000000,4,1
42,3ff0000000000000,5,1
42,3ff0000000000000,6,1
42,3ff0000000000000,7,1
# nextStepIndex: order,seed,length,step,index,pos,last,bval_bits
original,1,1,0,0,1,0,3fe0000000000000
original,1,1,1,0,2,0,3fe0000000000000
original,1,1,2,0,3,0,3fe0000000000000
original,1,1,3,0,4,0,3fe0000000000000
original,1,1,4,0,5,0,3fe0000000000000
original,1,1,5,0,6,0,3fe0000000000000
original,1,1,6,0,7,0,3fe0000000000000
original,1,1,7,0,8,0,3fe0000000000000
original,1,1,8,0,9,0,3fe0000000000000
original,1,1,9,0,10,0,3fe0000000000000
original,1,1,10,0,11,0,3fe0000000000000
original,1,1,11,0,12,0,3fe0000000000000
original,1,4,0,0,1,0,3fe0000000000000
original,1,4,1,1,2,1,3fe0000000000000
original,1,4,2,2,3,2,3fe0000000000000
original,1,4,3,3,4,3,3fe0000000000000
original,1,4,4,0,5,0,3fe0000000000000
original,1,4,5,1,6,1,3fe0000000000000
original,1,4,6,2,7,2,3fe0000000000000
original,1,4,7,3,8,3,3fe0000000000000
original,1,4,8,0,9,0,3fe0000000000000
original,1,4,9,1,10,1,3fe0000000000000
original,1,4,10,2,11,2,3fe0000000000000
original,1,4,11,3,12,3,3fe0000000000000
original,1,16,0,0,1,0,3fe0000000000000
original,1,16,1,1,2,1,3fe0000000000000
original,1,16,2,2,3,2,3fe0000000000000
original,1,16,3,3,4,3,3fe0000000000000
original,1,16,4,4,5,4,3fe0000000000000
original,1,16,5,5,6,5,3fe0000000000000
original,1,16,6,6,7,6,3fe0000000000000
original,1,16,7,7,8,7,3fe0000000000000
original,1,16,8,8,9,8,3fe0000000000000
original,1,16,9,9,10,9,3fe0000000000000
original,1,16,10,10,11,10,3fe0000000000000
original,1,16,11,11,12,11,3fe0000000000000
original,42,1,0,0,1,0,3fe0000000000000
original,42,1,1,0,2,0,3fe0000000000000
original,42,1,2,0,3,0,3fe0000000000000
original,42,1,3,0,4,0,3fe0000000000000
original,42,1,4,0,5,0,3fe0000000000000
original,42,1,5,0,6,0,3fe0000000000000
original,42,1,6,0,7,0,3fe0000000000000
original,42,1,7,0,8,0,3fe0000000000000
original,42,1,8,0,9,0,3fe0000000000000
original,42,1,9,0,10,0,3fe0000000000000
original,42,1,10,0,11,0,3fe0000000000000
original,42,1,11,0,12,0,3fe0000000000000
original,42,4,0,0,1,0,3fe0000000000000
original,42,4,1,1,2,1,3fe0000000000000
original,42,4,2,2,3,2,3fe0000000000000
original,42,4,3,3,4,3,3fe0000000000000
original,42,4,4,0,5,0,3fe0000000000000
original,42,4,5,1,6,1,3fe0000000000000
original,42,4,6,2,7,2,3fe0000000000000
original,42,4,7,3,8,3,3fe0000000000000
original,42,4,8,0,9,0,3fe0000000000000
original,42,4,9,1,10,1,3fe0000000000000
original,42,4,10,2,11,2,3fe0000000000000
original,42,4,11,3,12,3,3fe0000000000000
original,42,16,0,0,1,0,3fe0000000000000
original,42,16,1,1,2,1,3fe0000000000000
original,42,16,2,2,3,2,3fe0000000000000
original,42,16,3,3,4,3,3fe0000000000000
original,42,16,4,4,5,4,3fe0000000000000
original,42,16,5,5,6,5,3fe0000000000000
original,42,16,6,6,7,6,3fe0000000000000
original,42,16,7,7,8,7,3fe0000000000000
original,42,16,8,8,9,8,3fe0000000000000
original,42,16,9,9,10,9,3fe0000000000000
original,42,16,10,10,11,10,3fe0000000000000
original,42,16,11,11,12,11,3fe0000000000000
reverse,1,1,0,0,1,0,3fe0000000000000
reverse,1,1,1,0,2,0,3fe0000000000000
reverse,1,1,2,0,3,0,3fe0000000000000
reverse,1,1,3,0,4,0,3fe0000000000000
reverse,1,1,4,0,5,0,3fe0000000000000
reverse,1,1,5,0,6,0,3fe0000000000000
reverse,1,1,6,0,7,0,3fe0000000000000
reverse,1,1,7,0,8,0,3fe0000000000000
reverse,1,1,8,0,9,0,3fe0000000000000
reverse,1,1,9,0,10,0,3fe0000000000000
reverse,1,1,10,0,11,0,3fe0000000000000
reverse,1,1,11,0,12,0,3fe0000000000000
reverse,1,4,0,3,1,3,3fe0000000000000
reverse,1,4,1,2,2,2,3fe0000000000000
reverse,1,4,2,1,3,1,3fe0000000000000
reverse,1,4,3,0,4,0,3fe0000000000000
reverse,1,4,4,3,5,3,3fe0000000000000
reverse,1,4,5,2,6,2,3fe0000000000000
reverse,1,4,6,1,7,1,3fe0000000000000
reverse,1,4,7,0,8,0,3fe0000000000000
reverse,1,4,8,3,9,3,3fe0000000000000
reverse,1,4,9,2,10,2,3fe0000000000000
reverse,1,4,10,1,11,1,3fe0000000000000
reverse,1,4,11,0,12,0,3fe0000000000000
reverse,1,16,0,15,1,15,3fe0000000000000
reverse,1,16,1,14,2,14,3fe0000000000000
reverse,1,16,2,13,3,13,3fe0000000000000
reverse,1,16,3,12,4,12,3fe0000000000000
reverse,1,16,4,11,5,11,3fe0000000000000
reverse,1,16,5,10,6,10,3fe0000000000000
reverse,1,16,6,9,7,9,3fe0000000000000
reverse,1,16,7,8,8,8,3fe0000000000000
reverse,1,16,8,7,9,7,3fe0000000000000
reverse,1,16,9,6,10,6,3fe0000000000000
reverse,1,16,10,5,11,5,3fe0000000000000
reverse,1,16,11,4,12,4,3fe0000000000000
reverse,42,1,0,0,1,0,3fe0000000000000
reverse,42,1,1,0,2,0,3fe0000000000000
reverse,42,1,2,0,3,0,3fe0000000000000
reverse,42,1,3,0,4,0,3fe0000000000000
reverse,42,1,4,0,5,0,3fe0000000000000
reverse,42,1,5,0,6,0,3fe0000000000000
reverse,42,1,6,0,7,0,3fe0000000000000
reverse,42,1,7,0,8,0,3fe0000000000000
reverse,42,1,8,0,9,0,3fe0000000000000
reverse,42,1,9,0,10,0,3fe0000000000000
reverse,42,1,10,0,11,0,3fe0000000000000
reverse,42,1,11,0,12,0,3fe0000000000000
reverse,42,4,0,3,1,3,3fe0000000000000
reverse,42,4,1,2,2,2,3fe0000000000000
reverse,42,4,2,1,3,1,3fe0000000000000
reverse,42,4,3,0,4,0,3fe0000000000000
reverse,42,4,4,3,5,3,3fe0000000000000
reverse,42,4,5,2,6,2,3fe0000000000000
reverse,42,4,6,1,7,1,3fe0000000000000
reverse,42,4,7,0,8,0,3fe0000000000000
reverse,42,4,8,3,9,3,3fe0000000000000
reverse,42,4,9,2,10,2,3fe0000000000000
reverse,42,4,10,1,11,1,3fe0000000000000
reverse,42,4,11,0,12,0,3fe0000000000000
reverse,42,16,0,15,1,15,3fe0000000000000
reverse,42,16,1,14,2,14,3fe0000000000000
reverse,42,16,2,13,3,13,3fe0000000000000
reverse,42,16,3,12,4,12,3fe0000000000000
reverse,42,16,4,11,5,11,3fe0000000000000
reverse,42,16,5,10,6,10,3fe0000000000000
reverse,42,16,6,9,7,9,3fe0000000000000
reverse,42,16,7,8,8,8,3fe0000000000000
reverse,42,16,8,7,9,7,3fe0000000000000
reverse,42,16,9,6,10,6,3fe0000000000000
reverse,42,16,10,5,11,5,3fe0000000000000
reverse,42,16,11,4,12,4,3fe0000000000000
random,1,1,0,0,1,0,3fe0000000000000
random,1,1,1,0,2,0,3fe0000000000000
random,1,1,2,0,3,0,3fe0000000000000
random,1,1,3,0,4,0,3fe0000000000000
random,1,1,4,0,5,0,3fe0000000000000
random,1,1,5,0,6,0,3fe0000000000000
random,1,1,6,0,7,0,3fe0000000000000
random,1,1,7,0,8,0,3fe0000000000000
random,1,1,8,0,9,0,3fe0000000000000
random,1,1,9,0,10,0,3fe0000000000000
random,1,1,10,0,11,0,3fe0000000000000
random,1,1,11,0,12,0,3fe0000000000000
random,1,4,0,2,1,2,3fe0000000000000
random,1,4,1,0,2,0,3fe0000000000000
random,1,4,2,2,3,2,3fe0000000000000
random,1,4,3,3,4,3,3fe0000000000000
random,1,4,4,2,5,2,3fe0000000000000
random,1,4,5,0,6,0,3fe0000000000000
random,1,4,6,2,7,2,3fe0000000000000
random,1,4,7,3,8,3,3fe0000000000000
random,1,4,8,1,9,1,3fe0000000000000
random,1,4,9,3,10,3,3fe0000000000000
random,1,4,10,1,11,1,3fe0000000000000
random,1,4,11,2,12,2,3fe0000000000000
random,1,16,0,10,1,10,3fe0000000000000
random,1,16,1,0,2,0,3fe0000000000000
random,1,16,2,8,3,8,3fe0000000000000
random,1,16,3,15,4,15,3fe0000000000000
random,1,16,4,14,5,14,3fe0000000000000
random,1,16,5,4,6,4,3fe0000000000000
random,1,16,6,10,7,10,3fe0000000000000
random,1,16,7,11,8,11,3fe0000000000000
random,1,16,8,6,9,6,3fe0000000000000
random,1,16,9,15,10,15,3fe0000000000000
random,1,16,10,6,11,6,3fe0000000000000
random,1,16,11,8,12,8,3fe0000000000000
random,42,1,0,0,1,0,3fe0000000000000
random,42,1,1,0,2,0,3fe0000000000000
random,42,1,2,0,3,0,3fe0000000000000
random,42,1,3,0,4,0,3fe0000000000000
random,42,1,4,0,5,0,3fe0000000000000
random,42,1,5,0,6,0,3fe0000000000000
random,42,1,6,0,7,0,3fe0000000000000
random,42,1,7,0,8,0,3fe0000000000000
random,42,1,8,0,9,0,3fe0000000000000
random,42,1,9,0,10,0,3fe0000000000000
random,42,1,10,0,11,0,3fe0000000000000
random,42,1,11,0,12,0,3fe0000000000000
random,42,4,0,2,1,2,3fe0000000000000
random,42,4,1,1,2,1,3fe0000000000000
random,42,4,2,3,3,3,3fe0000000000000
random,42,4,3,2,4,2,3fe0000000000000
random,42,4,4,0,5,0,3fe0000000000000
random,42,4,5,2,6,2,3fe0000000000000
random,42,4,6,0,7,0,3fe0000000000000
random,42,4,7,2,8,2,3fe0000000000000
random,42,4,8,3,9,3,3fe0000000000000
random,42,4,9,1,10,1,3fe0000000000000
random,42,4,10,0,11,0,3fe0000000000000
random,42,4,11,3,12,3,3fe0000000000000
random,42,16,0,9,1,9,3fe0000000000000
random,42,16,1,6,2,6,3fe0000000000000
random,42,16,2,13,3,13,3fe0000000000000
random,42,16,3,10,4,10,3fe0000000000000
random,42,16,4,2,5,2,3fe0000000000000
random,42,16,5,8,6,8,3fe0000000000000
random,42,16,6,4,7,4,3fe0000000000000
random,42,16,7,10,8,10,3fe0000000000000
random,42,16,8,13,9,13,3fe0000000000000
random,42,16,9,7,10,7,3fe0000000000000
random,42,16,10,3,11,3,3fe0000000000000
random,42,16,11,14,12,14,3fe0000000000000
random-walk,1,1,0,0,1,0,3fe0000000000000
random-walk,1,1,1,0,2,0,3fe0000000000000
random-walk,1,1,2,0,3,0,3fe0000000000000
random-walk,1,1,3,0,4,0,3fe0000000000000
random-walk,1,1,4,0,5,0,3fe0000000000000
random-walk,1,1,5,0,6,0,3fe0000000000000
random-walk,1,1,6,0,7,0,3fe0000000000000
random-walk,1,1,7,0,8,0,3fe0000000000000
random-walk,1,1,8,0,9,0,3fe0000000000000
random-walk,1,1,9,0,10,0,3fe0000000000000
random-walk,1,1,10,0,11,0,3fe0000000000000
random-walk,1,1,11,0,12,0,3fe0000000000000
random-walk,1,4,0,3,1,3,3fe0000000000000
random-walk,1,4,1,0,2,0,3fe0000000000000
random-walk,1,4,2,3,3,3,3fe0000000000000
random-walk,1,4,3,2,4,2,3fe0000000000000
random-walk,1,4,4,1,5,1,3fe0000000000000
random-walk,1,4,5,2,6,2,3fe0000000000000
random-walk,1,4,6,1,7,1,3fe0000000000000
random-walk,1,4,7,0,8,0,3fe0000000000000
random-walk,1,4,8,1,9,1,3fe0000000000000
random-walk,1,4,9,0,10,0,3fe0000000000000
random-walk,1,4,10,1,11,1,3fe0000000000000
random-walk,1,4,11,2,12,2,3fe0000000000000
random-walk,1,16,0,15,1,15,3fe0000000000000
random-walk,1,16,1,0,2,0,3fe0000000000000
random-walk,1,16,2,15,3,15,3fe0000000000000
random-walk,1,16,3,14,4,14,3fe0000000000000
random-walk,1,16,4,13,5,13,3fe0000000000000
random-walk,1,16,5,14,6,14,3fe0000000000000
random-walk,1,16,6,13,7,13,3fe0000000000000
random-walk,1,16,7,12,8,12,3fe0000000000000
random-walk,1,16,8,13,9,13,3fe0000000000000
random-walk,1,16,9,12,10,12,3fe0000000000000
random-walk,1,16,10,13,11,13,3fe0000000000000
random-walk,1,16,11,14,12,14,3fe0000000000000
random-walk,42,1,0,0,1,0,3fe0000000000000
random-walk,42,1,1,0,2,0,3fe0000000000000
random-walk,42,1,2,0,3,0,3fe0000000000000
random-walk,42,1,3,0,4,0,3fe0000000000000
random-walk,42,1,4,0,5,0,3fe0000000000000
random-walk,42,1,5,0,6,0,3fe0000000000000
random-walk,42,1,6,0,7,0,3fe0000000000000
random-walk,42,1,7,0,8,0,3fe0000000000000
random-walk,42,1,8,0,9,0,3fe0000000000000
random-walk,42,1,9,0,10,0,3fe0000000000000
random-walk,42,1,10,0,11,0,3fe0000000000000
random-walk,42,1,11,0,12,0,3fe0000000000000
random-walk,42,4,0,3,1,3,3fe0000000000000
random-walk,42,4,1,0,2,0,3fe0000000000000
random-walk,42,4,2,3,3,3,3fe0000000000000
random-walk,42,4,3,2,4,2,3fe0000000000000
random-walk,42,4,4,3,5,3,3fe0000000000000
random-walk,42,4,5,2,6,2,3fe0000000000000
random-walk,42,4,6,3,7,3,3fe0000000000000
random-walk,42,4,7,2,8,2,3fe0000000000000
random-walk,42,4,8,1,9,1,3fe0000000000000
random-walk,42,4,9,2,10,2,3fe0000000000000
random-walk,42,4,10,3,11,3,3fe0000000000000
random-walk,42,4,11,2,12,2,3fe0000000000000
random-walk,42,16,0,15,1,15,3fe0000000000000
random-walk,42,16,1,0,2,0,3fe0000000000000
random-walk,42,16,2,15,3,15,3fe0000000000000
random-walk,42,16,3,14,4,14,3fe0000000000000
random-walk,42,16,4,15,5,15,3fe0000000000000
random-walk,42,16,5,14,6,14,3fe0000000000000
random-walk,42,16,6,15,7,15,3fe0000000000000
random-walk,42,16,7,14,8,14,3fe0000000000000
random-walk,42,16,8,13,9,13,3fe0000000000000
random-walk,42,16,9,14,10,14,3fe0000000000000
random-walk,42,16,10,15,11,15,3fe0000000000000
random-walk,42,16,11,14,12,14,3fe0000000000000
brownian,1,1,0,0,1,0,3fe176c19cdae148
brownian,1,1,1,0,2,0,3fd778874e5c28f6
brownian,1,1,2,0,3,0,3fd81a6af2deb852
brownian,1,1,3,0,4,0,3fe197e2cb3851ec
brownian,1,1,4,0,5,0,3fe6fd304431eb86
brownian,1,1,5,0,6,0,3fe477a2f1e00001
brownian,1,1,6,0,7,0,3fe5c4696e9851ec
brownian,1,1,7,0,8,0,3fe84f68ec55c290
brownian,1,1,8,0,9,0,3fe774937f747ae2
brownian,1,1,9,0,10,0,3fed27de500f5c2a
brownian,1,1,10,0,11,0,3feca3f524fd70a5
brownian,1,1,11,0,12,0,3fec82e49b8a3d72
brownian,1,4,0,2,1,2,3fe176c19cdae148
brownian,1,4,1,1,2,1,3fd778874e5c28f6
brownian,1,4,2,1,3,1,3fd81a6af2deb852
brownian,1,4,3,2,4,2,3fe197e2cb3851ec
brownian,1,4,4,2,5,2,3fe6fd304431eb86
brownian,1,4,5,2,6,2,3fe477a2f1e00001
brownian,1,4,6,2,7,2,3fe5c4696e9851ec
brownian,1,4,7,3,8,3,3fe84f68ec55c290
brownian,1,4,8,2,9,2,3fe774937f747ae2
brownian,1,4,9,3,10,3,3fed27de500f5c2a
brownian,1,4,10,3,11,3,3feca3f524fd70a5
brownian,1,4,11,3,12,3,3fec82e49b8a3d72
brownian,1,16,0,8,1,8,3fe176c19cdae148
brownian,1,16,1,5,2,5,3fd778874e5c28f6
brownian,1,16,2,6,3,6,3fd81a6af2deb852
brownian,1,16,3,8,4,8,3fe197e2cb3851ec
brownian,1,16,4,11,5,11,3fe6fd304431eb86
brownian,1,16,5,10,6,10,3fe477a2f1e00001
brownian,1,16,6,10,7,10,3fe5c4696e9851ec
brownian,1,16,7,12,8,12,3fe84f68ec55c290
brownian,1,16,8,11,9,11,3fe774937f747ae2
brownian,1,16,9,14,10,14,3fed27de500f5c2a
brownian,1,16,10,14,11,14,3feca3f524fd70a5
brownian,1,16,11,14,12,14,3fec82e49b8a3d72
brownian,42,1,0,0,1,0,3fe12a2ac6dc28f6
brownian,42,1,1,0,2,0,3fe091ab74c00000
brownian,42,1,2,0,3,0,3fe4a12238451eb8
brownian,42,1,3,0,4,0,3fe695b32155c28f
brownian,42,1,4,0,5,0,3fe2d6afd82f5c29
brownian,42,1,5,0,6,0,3fe3251c8aa3d70a
brownian,42,1,6,0,7,0,3fe0885568fae148
brownian,42,1,7,0,8,0,3fe1f83878628f5c
brownian,42,1,8,0,9,0,3fe62e0c972ccccc
brownian,42,1,9,0,10,0,3fe5dc68aabd70a3
brownian,42,1,10,0,11,0,3fe2fae7688147ad
brownian,42,1,11,0,12,0,3fe761a42b47ae13
brownian,42,4,0,2,1,2,3fe12a2ac6dc28f6
brownian,42,4,1,2,2,2,3fe091ab74c00000
brownian,42,4,2,2,3,2,3fe4a12238451eb8
brownian,42,4,3,2,4,2,3fe695b32155c28f
brownian,42,4,4,2,5,2,3fe2d6afd82f5c29
brownian,42,4,5,2,6,2,3fe3251c8aa3d70a
brownian,42,4,6,2,7,2,3fe0885568fae148
brownian,42,4,7,2,8,2,3fe1f83878628f5c
brownian,42,4,8,2,9,2,3fe62e0c972ccccc
brownian,42,4,9,2,10,2,3fe5dc68aabd70a3
brownian,42,4,10,2,11,2,3fe2fae7688147ad
brownian,42,4,11,2,12,2,3fe761a42b47ae13
brownian,42,16,0,8,1,8,3fe12a2ac6dc28f6
brownian,42,16,1,8,2,8,3fe091ab74c00000
brownian,42,16,2,10,3,10,3fe4a12238451eb8
brownian,42,16,3,11,4,11,3fe695b32155c28f
brownian,42,16,4,9,5,9,3fe2d6afd82f5c29
brownian,42,16,5,9,6,9,3fe3251c8aa3d70a
brownian,42,16,6,8,7,8,3fe0885568fae148
brownian,42,16,7,8,8,8,3fe1f83878628f5c
brownian,42,16,8,11,9,11,3fe62e0c972ccccc
brownian,42,16,9,10,10,10,3fe5dc68aabd70a3
brownian,42,16,10,9,11,9,3fe2fae7688147ad
brownian,42,16,11,11,12,11,3fe761a42b47ae13
# makeCyclicOrder: length,seed,order
1,1,0
1,42,0
1,4294967295,0
2,1,0;1
2,42,0;1
2,4294967295,0;1
5,1,4;2;1;0;3
5,42,0;4;2;1;3
5,4294967295,3;1;2;0;4
16,1,4;13;1;14;5;2;8;15;9;6;3;11;12;7;0;10
16,42,12;7;0;15;4;1;3;14;10;13;5;2;8;11;6;9
16,4294967295,3;8;15;7;0;11;9;1;4;6;5;13;12;10;2;14
# noteOrderMixFromEdges: original_bits,utterly_bits,original,cyclic,utterly
0000000000000000,0000000000000000,0,100,0
4059000000000000,0000000000000000,100,0,0
0000000000000000,4059000000000000,0,0,100
404e000000000000,4024000000000000,60,30,10
404e000000000000,4054000000000000,60,0,40
c024000000000000,4069000000000000,0,0,100
4040c00000000000,4040c00000000000,34,32,34
# nextMixedStepIndex: mix,seed,length,step,index,source,pos,last
all-original,1,1,0,0,original,1,0
all-original,1,1,1,0,original,2,0
all-original,1,1,2,0,original,3,0
all-original,1,1,3,0,original,4,0
all-original,1,1,4,0,original,5,0
all-original,1,1,5,0,original,6,0
all-original,1,1,6,0,original,7,0
all-original,1,1,7,0,original,8,0
all-original,1,1,8,0,original,9,0
all-original,1,1,9,0,original,10,0
all-original,1,1,10,0,original,11,0
all-original,1,1,11,0,original,12,0
all-original,1,4,0,0,original,1,0
all-original,1,4,1,1,original,2,1
all-original,1,4,2,2,original,3,2
all-original,1,4,3,3,original,4,3
all-original,1,4,4,0,original,5,0
all-original,1,4,5,1,original,6,1
all-original,1,4,6,2,original,7,2
all-original,1,4,7,3,original,8,3
all-original,1,4,8,0,original,9,0
all-original,1,4,9,1,original,10,1
all-original,1,4,10,2,original,11,2
all-original,1,4,11,3,original,12,3
all-original,1,16,0,0,original,1,0
all-original,1,16,1,1,original,2,1
all-original,1,16,2,2,original,3,2
all-original,1,16,3,3,original,4,3
all-original,1,16,4,4,original,5,4
all-original,1,16,5,5,original,6,5
all-original,1,16,6,6,original,7,6
all-original,1,16,7,7,original,8,7
all-original,1,16,8,8,original,9,8
all-original,1,16,9,9,original,10,9
all-original,1,16,10,10,original,11,10
all-original,1,16,11,11,original,12,11
all-original,42,1,0,0,original,1,0
all-original,42,1,1,0,original,2,0
all-original,42,1,2,0,original,3,0
all-original,42,1,3,0,original,4,0
all-original,42,1,4,0,original,5,0
all-original,42,1,5,0,original,6,0
all-original,42,1,6,0,original,7,0
all-original,42,1,7,0,original,8,0
all-original,42,1,8,0,original,9,0
all-original,42,1,9,0,original,10,0
all-original,42,1,10,0,original,11,0
all-original,42,1,11,0,original,12,0
all-original,42,4,0,0,original,1,0
all-original,42,4,1,1,original,2,1
all-original,42,4,2,2,original,3,2
all-original,42,4,3,3,original,4,3
all-original,42,4,4,0,original,5,0
all-original,42,4,5,1,original,6,1
all-original,42,4,6,2,original,7,2
all-original,42,4,7,3,original,8,3
all-original,42,4,8,0,original,9,0
all-original,42,4,9,1,original,10,1
all-original,42,4,10,2,original,11,2
all-original,42,4,11,3,original,12,3
all-original,42,16,0,0,original,1,0
all-original,42,16,1,1,original,2,1
all-original,42,16,2,2,original,3,2
all-original,42,16,3,3,original,4,3
all-original,42,16,4,4,original,5,4
all-original,42,16,5,5,original,6,5
all-original,42,16,6,6,original,7,6
all-original,42,16,7,7,original,8,7
all-original,42,16,8,8,original,9,8
all-original,42,16,9,9,original,10,9
all-original,42,16,10,10,original,11,10
all-original,42,16,11,11,original,12,11
all-cyclic,1,1,0,0,cyclic,1,0
all-cyclic,1,1,1,0,cyclic,2,0
all-cyclic,1,1,2,0,cyclic,3,0
all-cyclic,1,1,3,0,cyclic,4,0
all-cyclic,1,1,4,0,cyclic,5,0
all-cyclic,1,1,5,0,cyclic,6,0
all-cyclic,1,1,6,0,cyclic,7,0
all-cyclic,1,1,7,0,cyclic,8,0
all-cyclic,1,1,8,0,cyclic,9,0
all-cyclic,1,1,9,0,cyclic,10,0
all-cyclic,1,1,10,0,cyclic,11,0
all-cyclic,1,1,11,0,cyclic,12,0
all-cyclic,1,4,0,0,cyclic,1,0
all-cyclic,1,4,1,1,cyclic,2,1
all-cyclic,1,4,2,2,cyclic,3,2
all-cyclic,1,4,3,3,cyclic,4,3
all-cyclic,1,4,4,0,cyclic,5,0
all-cyclic,1,4,5,1,cyclic,6,1
all-cyclic,1,4,6,2,cyclic,7,2
all-cyclic,1,4,7,3,cyclic,8,3
all-cyclic,1,4,8,0,cyclic,9,0
all-cyclic,1,4,9,1,cyclic,10,1
all-cyclic,1,4,10,2,cyclic,11,2
all-cyclic,1,4,11,3,cyclic,12,3
all-cyclic,1,16,0,0,cyclic,1,0
all-cyclic,1,16,1,1,cyclic,2,1
all-cyclic,1,16,2,2,cyclic,3,2
all-cyclic,1,16,3,3,cyclic,4,3
all-cyclic,1,16,4,4,cyclic,5,4
all-cyclic,1,16,5,5,cyclic,6,5
all-cyclic,1,16,6,6,cyclic,7,6
all-cyclic,1,16,7,7,cyclic,8,7
all-cyclic,1,16,8,8,cyclic,9,8
all-cyclic,1,16,9,9,cyclic,10,9
all-cyclic,1,16,10,10,cyclic,11,10
all-cyclic,1,16,11,11,cyclic,12,11
all-cyclic,42,1,0,0,cyclic,1,0
all-cyclic,42,1,1,0,cyclic,2,0
all-cyclic,42,1,2,0,cyclic,3,0
all-cyclic,42,1,3,0,cyclic,4,0
all-cyclic,42,1,4,0,cyclic,5,0
all-cyclic,42,1,5,0,cyclic,6,0
all-cyclic,42,1,6,0,cyclic,7,0
all-cyclic,42,1,7,0,cyclic,8,0
all-cyclic,42,1,8,0,cyclic,9,0
all-cyclic,42,1,9,0,cyclic,10,0
all-cyclic,42,1,10,0,cyclic,11,0
all-cyclic,42,1,11,0,cyclic,12,0
all-cyclic,42,4,0,0,cyclic,1,0
all-cyclic,42,4,1,1,cyclic,2,1
all-cyclic,42,4,2,2,cyclic,3,2
all-cyclic,42,4,3,3,cyclic,4,3
all-cyclic,42,4,4,0,cyclic,5,0
all-cyclic,42,4,5,1,cyclic,6,1
all-cyclic,42,4,6,2,cyclic,7,2
all-cyclic,42,4,7,3,cyclic,8,3
all-cyclic,42,4,8,0,cyclic,9,0
all-cyclic,42,4,9,1,cyclic,10,1
all-cyclic,42,4,10,2,cyclic,11,2
all-cyclic,42,4,11,3,cyclic,12,3
all-cyclic,42,16,0,0,cyclic,1,0
all-cyclic,42,16,1,1,cyclic,2,1
all-cyclic,42,16,2,2,cyclic,3,2
all-cyclic,42,16,3,3,cyclic,4,3
all-cyclic,42,16,4,4,cyclic,5,4
all-cyclic,42,16,5,5,cyclic,6,5
all-cyclic,42,16,6,6,cyclic,7,6
all-cyclic,42,16,7,7,cyclic,8,7
all-cyclic,42,16,8,8,cyclic,9,8
all-cyclic,42,16,9,9,cyclic,10,9
all-cyclic,42,16,10,10,cyclic,11,10
all-cyclic,42,16,11,11,cyclic,12,11
all-utterly,1,1,0,0,utterly,1,0
all-utterly,1,1,1,0,utterly,2,0
all-utterly,1,1,2,0,utterly,3,0
all-utterly,1,1,3,0,utterly,4,0
all-utterly,1,1,4,0,utterly,5,0
all-utterly,1,1,5,0,utterly,6,0
all-utterly,1,1,6,0,utterly,7,0
all-utterly,1,1,7,0,utterly,8,0
all-utterly,1,1,8,0,utterly,9,0
all-utterly,1,1,9,0,utterly,10,0
all-utterly,1,1,10,0,utterly,11,0
all-utterly,1,1,11,0,utterly,12,0
all-utterly,1,4,0,0,utterly,1,0
all-utterly,1,4,1,3,utterly,2,3
all-utterly,1,4,2,0,utterly,3,0
all-utterly,1,4,3,3,utterly,4,3
all-utterly,1,4,4,2,utterly,5,2
all-utterly,1,4,5,1,utterly,6,1
all-utterly,1,4,6,2,utterly,7,2
all-utterly,1,4,7,0,utterly,8,0
all-utterly,1,4,8,1,utterly,9,1
all-utterly,1,4,9,3,utterly,10,3
all-utterly,1,4,10,0,utterly,11,0
all-utterly,1,4,11,2,utterly,12,2
all-utterly,1,16,0,0,utterly,1,0
all-utterly,1,16,1,15,utterly,2,15
all-utterly,1,16,2,4,utterly,3,4
all-utterly,1,16,3,11,utterly,4,11
all-utterly,1,16,4,15,utterly,5,15
all-utterly,1,16,5,7,utterly,6,7
all-utterly,1,16,6,6,utterly,7,6
all-utterly,1,16,7,2,utterly,8,2
all-utterly,1,16,8,1,utterly,9,1
all-utterly,1,16,9,12,utterly,10,12
all-utterly,1,16,10,2,utterly,11,2
all-utterly,1,16,11,7,utterly,12,7
all-utterly,42,1,0,0,utterly,1,0
all-utterly,42,1,1,0,utterly,2,0
all-utterly,42,1,2,0,utterly,3,0
all-utterly,42,1,3,0,utterly,4,0
all-utterly,42,1,4,0,utterly,5,0
all-utterly,42,1,5,0,utterly,6,0
all-utterly,42,1,6,0,utterly,7,0
all-utterly,42,1,7,0,utterly,8,0
all-utterly,42,1,8,0,utterly,9,0
all-utterly,42,1,9,0,utterly,10,0
all-utterly,42,1,10,0,utterly,11,0
all-utterly,42,1,11,0,utterly,12,0
all-utterly,42,4,0,1,utterly,1,1
all-utterly,42,4,1,3,utterly,2,3
all-utterly,42,4,2,1,utterly,3,1
all-utterly,42,4,3,2,utterly,4,2
all-utterly,42,4,4,1,utterly,5,1
all-utterly,42,4,5,3,utterly,6,3
all-utterly,42,4,6,0,utterly,7,0
all-utterly,42,4,7,2,utterly,8,2
all-utterly,42,4,8,1,utterly,9,1
all-utterly,42,4,9,2,utterly,10,2
all-utterly,42,4,10,0,utterly,11,0
all-utterly,42,4,11,1,utterly,12,1
all-utterly,42,16,0,7,utterly,1,7
all-utterly,42,16,1,11,utterly,2,11
all-utterly,42,16,2,7,utterly,3,7
all-utterly,42,16,3,10,utterly,4,10
all-utterly,42,16,4,7,utterly,5,7
all-utterly,42,16,5,14,utterly,6,14
all-utterly,42,16,6,4,utterly,7,4
all-utterly,42,16,7,8,utterly,8,8
all-utterly,42,16,8,10,utterly,9,10
all-utterly,42,16,9,7,utterly,10,7
all-utterly,42,16,10,0,utterly,11,0
all-utterly,42,16,11,1,utterly,12,1
even,1,1,0,0,cyclic,1,0
even,1,1,1,0,original,2,0
even,1,1,2,0,cyclic,3,0
even,1,1,3,0,utterly,4,0
even,1,1,4,0,utterly,5,0
even,1,1,5,0,original,6,0
even,1,1,6,0,cyclic,7,0
even,1,1,7,0,utterly,8,0
even,1,1,8,0,cyclic,9,0
even,1,1,9,0,utterly,10,0
even,1,1,10,0,cyclic,11,0
even,1,1,11,0,cyclic,12,0
even,1,4,0,0,cyclic,1,0
even,1,4,1,1,original,2,1
even,1,4,2,2,cyclic,3,2
even,1,4,3,3,utterly,4,3
even,1,4,4,0,original,5,0
even,1,4,5,1,cyclic,6,1
even,1,4,6,2,utterly,7,2
even,1,4,7,1,utterly,8,1
even,1,4,8,0,cyclic,9,0
even,1,4,9,1,original,10,1
even,1,4,10,2,cyclic,11,2
even,1,4,11,3,original,12,3
even,1,16,0,0,cyclic,1,0
even,1,16,1,1,original,2,1
even,1,16,2,2,cyclic,3,2
even,1,16,3,15,utterly,4,15
even,1,16,4,4,original,5,4
even,1,16,5,5,cyclic,6,5
even,1,16,6,7,utterly,7,7
even,1,16,7,6,utterly,8,6
even,1,16,8,8,cyclic,9,8
even,1,16,9,9,original,10,9
even,1,16,10,10,cyclic,11,10
even,1,16,11,11,original,12,11
even,42,1,0,0,cyclic,1,0
even,42,1,1,0,cyclic,2,0
even,42,1,2,0,utterly,3,0
even,42,1,3,0,cyclic,4,0
even,42,1,4,0,original,5,0
even,42,1,5,0,cyclic,6,0
even,42,1,6,0,original,7,0
even,42,1,7,0,cyclic,8,0
even,42,1,8,0,utterly,9,0
even,42,1,9,0,cyclic,10,0
even,42,1,10,0,original,11,0
even,42,1,11,0,utterly,12,0
even,42,4,0,0,cyclic,1,0
even,42,4,1,1,cyclic,2,1
even,42,4,2,3,utterly,3,3
even,42,4,3,3,original,4,3
even,42,4,4,0,cyclic,5,0
even,42,4,5,1,original,6,1
even,42,4,6,2,cyclic,7,2
even,42,4,7,1,utterly,8,1
even,42,4,8,0,original,9,0
even,42,4,9,3,utterly,10,3
even,42,4,10,2,original,11,2
even,42,4,11,3,original,12,3
even,42,16,0,0,cyclic,1,0
even,42,16,1,1,cyclic,2,1
even,42,16,2,11,utterly,3,11
even,42,16,3,3,original,4,3
even,42,16,4,4,cyclic,5,4
even,42,16,5,5,original,6,5
even,42,16,6,6,cyclic,7,6
even,42,16,7,8,utterly,8,8
even,42,16,8,8,original,9,8
even,42,16,9,12,utterly,10,12
even,42,16,10,10,original,11,10
even,42,16,11,11,original,12,11
classic,1,1,0,0,cyclic,1,0
classic,1,1,1,0,original,2,0
classic,1,1,2,0,original,3,0
classic,1,1,3,0,utterly,4,0
classic,1,1,4,0,utterly,5,0
classic,1,1,5,0,original,6,0
classic,1,1,6,0,cyclic,7,0
classic,1,1,7,0,cyclic,8,0
classic,1,1,8,0,original,9,0
classic,1,1,9,0,utterly,10,0
classic,1,1,10,0,original,11,0
classic,1,1,11,0,original,12,0
classic,1,4,0,0,cyclic,1,0
classic,1,4,1,1,original,2,1
classic,1,4,2,2,original,3,2
classic,1,4,3,3,utterly,4,3
classic,1,4,4,0,original,5,0
classic,1,4,5,1,cyclic,6,1
classic,1,4,6,2,cyclic,7,2
classic,1,4,7,3,original,8,3
classic,1,4,8,1,utterly,9,1
classic,1,4,9,1,original,10,1
classic,1,4,10,2,original,11,2
classic,1,4,11,3,original,12,3
classic,1,16,0,0,cyclic,1,0
classic,1,16,1,1,original,2,1
classic,1,16,2,2,original,3,2
classic,1,16,3,15,utterly,4,15
classic,1,16,4,4,original,5,4
classic,1,16,5,5,cyclic,6,5
classic,1,16,6,6,cyclic,7,6
classic,1,16,7,7,original,8,7
classic,1,16,8,6,utterly,9,6
classic,1,16,9,9,original,10,9
classic,1,16,10,10,original,11,10
classic,1,16,11,11,original,12,11
classic,42,1,0,0,cyclic,1,0
classic,42,1,1,0,original,2,0
classic,42,1,2,0,cyclic,3,0
classic,42,1,3,0,cyclic,4,0
classic,42,1,4,0,original,5,0
classic,42,1,5,0,original,6,0
classic,42,1,6,0,original,7,0
classic,42,1,7,0,cyclic,8,0
classic,42,1,8,0,cyclic,9,0
classic,42,1,9,0,original,10,0
classic,42,1,10,0,original,11,0
classic,42,1,11,0,cyclic,12,0
classic,42,4,0,0,cyclic,1,0
classic,42,4,1,1,original,2,1
classic,42,4,2,2,cyclic,3,2
classic,42,4,3,3,cyclic,4,3
classic,42,4,4,0,original,5,0
classic,42,4,5,1,original,6,1
classic,42,4,6,2,original,7,2
classic,42,4,7,3,cyclic,8,3
classic,42,4,8,0,cyclic,9,0
classic,42,4,9,1,original,10,1
classic,42,4,10,2,original,11,2
classic,42,4,11,3,cyclic,12,3
classic,42,16,0,0,cyclic,1,0
classic,42,16,1,1,original,2,1
classic,42,16,2,2,cyclic,3,2
classic,42,16,3,3,cyclic,4,3
classic,42,16,4,4,original,5,4
classic,42,16,5,5,original,6,5
classic,42,16,6,6,original,7,6
classic,42,16,7,7,cyclic,8,7
classic,42,16,8,8,cyclic,9,8
classic,42,16,9,9,original,10,9
classic,42,16,10,10,original,11,10
classic,42,16,11,11,cyclic,12,11
none,1,1,0,0,utterly,1,0
none,1,1,1,0,utterly,2,0
none,1,1,2,0,utterly,3,0
none,1,1,3,0,utterly,4,0
none,1,1,4,0,utterly,5,0
none,1,1,5,0,utterly,6,0
none,1,1,6,0,utterly,7,0
none,1,1,7,0,utterly,8,0
none,1,1,8,0,utterly,9,0
none,1,1,9,0,utterly,10,0
none,1,1,10,0,utterly,11,0
none,1,1,11,0,utterly,12,0
none,1,4,0,0,utterly,1,0
none,1,4,1,3,utterly,2,3
none,1,4,2,0,utterly,3,0
none,1,4,3,3,utterly,4,3
none,1,4,4,2,utterly,5,2
none,1,4,5,1,utterly,6,1
none,1,4,6,2,utterly,7,2
none,1,4,7,0,utterly,8,0
none,1,4,8,1,utterly,9,1
none,1,4,9,3,utterly,10,3
none,1,4,10,0,utterly,11,0
none,1,4,11,2,utterly,12,2
none,1,16,0,0,utterly,1,0
none,1,16,1,15,utterly,2,15
none,1,16,2,4,utterly,3,4
none,1,16,3,11,utterly,4,11
none,1,16,4,15,utterly,5,15
none,1,16,5,7,utterly,6,7
none,1,16,6,6,utterly,7,6
none,1,16,7,2,utterly,8,2
none,1,16,8,1,utterly,9,1
none,1,16,9,12,utterly,10,12
none,1,16,10,2,utterly,11,2
none,1,16,11,7,utterly,12,7
none,42,1,0,0,utterly,1,0
none,42,1,1,0,utterly,2,0
none,42,1,2,0,utterly,3,0
none,42,1,3,0,utterly,4,0
none,42,1,4,0,utterly,5,0
none,42,1,5,0,utterly,6,0
none,42,1,6,0,utterly,7,0
none,42,1,7,0,utterly,8,0
none,42,1,8,0,utterly,9,0
none,42,1,9,0,utterly,10,0
none,42,1,10,0,utterly,11,0
none,42,1,11,0,utterly,12,0
none,42,4,0,1,utterly,1,1
none,42,4,1,3,utterly,2,3
none,42,4,2,1,utterly,3,1
none,42,4,3,2,utterly,4,2
none,42,4,4,1,utterly,5,1
none,42,4,5,3,utterly,6,3
none,42,4,6,0,utterly,7,0
none,42,4,7,2,utterly,8,2
none,42,4,8,1,utterly,9,1
none,42,4,9,2,utterly,10,2
none,42,4,10,0,utterly,11,0
none,42,4,11,1,utterly,12,1
none,42,16,0,7,utterly,1,7
none,42,16,1,11,utterly,2,11
none,42,16,2,7,utterly,3,7
none,42,16,3,10,utterly,4,10
none,42,16,4,7,utterly,5,7
none,42,16,5,14,utterly,6,14
none,42,16,6,4,utterly,7,4
none,42,16,7,8,utterly,8,8
none,42,16,8,10,utterly,9,10
none,42,16,9,7,utterly,10,7
none,42,16,10,0,utterly,11,0
none,42,16,11,1,utterly,12,1
